tree
version=v4
num_class=1
num_tree_per_iteration=1
label_index=0
max_feature_idx=41
objective=regression
feature_names=Column_0 Column_1 Column_2 Column_3 Column_4 Column_5 Column_6 Column_7 Column_8 Column_9 Column_10 Column_11 Column_12 Column_13 Column_14 Column_15 Column_16 Column_17 Column_18 Column_19 Column_20 Column_21 Column_22 Column_23 Column_24 Column_25 Column_26 Column_27 Column_28 Column_29 Column_30 Column_31 Column_32 Column_33 Column_34 Column_35 Column_36 Column_37 Column_38 Column_39 Column_40 Column_41
feature_infos=[0.024969999999999992:3.2000000000000002] [0.12012:0.65407999999999999] [0.58059000000000005:2.10806] [0.0070600000000000003:0.018499999999999999] [0.0016500000000000004:0.0083000000000000001] [0.013350000000000001:0.050299999999999997] none [0.0085800000000000043:0.17138999999999999] [0:0.60048000000000001] [0:0.19581000000000001] [0:0.050279999999999991] [0:0.0025600000000000002] [0.00076000000000000004:0.0035699999999999998] [0.0024399999999999999:0.0083000000000000001] [2.3250000000000028:165] [0.13935900000000001:3.6819156666666673] [0.069267999999999996:3.3696631666666668] [0.019020128400000003:6.2119999999999997] [0.16011:0.66847000000000001] [0.0014899999999999913:0.79629000000000005] [0:0.051189999999999999] [716.01038900000003:728.53581999999994] [578.94624945403416:887.67561891398418] [-884.62820499999998:506.49418699999995] [0:0.0276396] [720.89999999999998:875.79999999999995] [2.1417900000003556:137.40225520002201] [4.1385069476315399:292.72887396349279] [3.8839464865410882:586.55144230574024] [1053.5963477287455:107214.84243794132] [0:20.799352463556257] [0:1] [1:3] none [1.5508940000000848:149.28860099999986] [-161.7231228887623:260.15375054596586] [0.28821001446401695:471.11196000550206] none [0:471.11196000550206] [1.0554723151317358:74.838009449953418] none none
tree_sizes=779 905 902 993 811 1006 904 900 808 906 1010 999 906 1103 904 1008 1017 1115 1124 1120 1124 1231 1118 1119 908 1205 1118 1231 999 1231 1110 1125 1016 1211 1230 1130 1112 1313 1126 1324 1306 1232 1116 1228 1218 1004 1327

Tree=0
num_leaves=7
num_cat=0
split_feature=0 16 21 10 10 16
split_gain=1642.28 137.518 66.4798 9.58684 6.22479 0.360035
threshold=0.084080000000000016 0.098534750000000018 722.25561450000009 0.016845000000000002 0.021120000000000003 0.15100358333333333
decision_type=2 2 2 2 2 2
left_child=1 -1 3 -2 -4 -3
right_child=2 5 4 -5 -6 -7
leaf_value=42.553264253437938 42.308037699916952 42.464738783628164 42.239937667201382 42.346692117831154 42.282526591331184 42.424527656346974
leaf_weight=31 13.000000000000002 22.000000000000004 17 10.999999999999998 14.999999999999998 7.9999999999999991
leaf_count=31 13 22 17 11 15 8
internal_value=42.4016 42.5082 42.2849 42.3246 42.257 42.4566
internal_weight=117 61 56 24 32 30
internal_count=117 61 56 24 32 30
is_linear=0
shrinkage=1


Tree=1
num_leaves=8
num_cat=0
split_feature=0 0 16 9 34 15 34
split_gain=5235.51 1482.23 150.22 64.2748 9.90441 6.60105 1.82517
threshold=0.13013500000000003 0.084080000000000016 0.098534750000000018 0.11204000000000001 97.486501500000102 0.31461583333333337 107.48545999999995
decision_type=2 2 2 2 2 2 2
left_child=1 2 -1 4 -3 -4 -6
right_child=-2 3 5 -5 6 -7 -8
leaf_value=0.19632185044884679 -0.70134654625256843 -0.057739819725354483 0.10790578269416634 -0.099509689456886707 -0.0054135746223231132 0.060887717878818512 -0.025403358399868008
leaf_weight=31 7.9999999999999991 8.0000000000000018 21.000000000000004 26 8.0000000000000018 8.9999999999999982 9.9999999999999982
leaf_count=31 8 8 21 26 8 9 10
internal_value=-0.00477946 0.0502414 0.149486 -0.0667751 -0.0315118 0.0962679 -0.0173505
internal_weight=121 113 61 52 26 30 18
internal_count=121 113 61 52 26 30 18
is_linear=0
shrinkage=0.03


Tree=2
num_leaves=8
num_cat=0
split_feature=1 15 9 25 39 34 7
split_gain=1429.42 126.181 56.5499 9.79105 5.87196 3.90887 2.39806
threshold=0.34773000000000004 0.28085016666666668 0.13208500000000004 822.50000000000011 2.2143997393549806 108.19893100000003 0.07660500000000002
decision_type=2 2 2 2 2 2 2
left_child=1 -1 3 -2 -4 -5 -3
right_child=2 6 4 5 -6 -7 -8
leaf_value=0.18014424883235583 -0.056563957071304301 0.063961314158780216 -0.066209434488415722 -0.0013461529271056249 -0.10588311529159546 -0.029288997283036057 0.10069004278523581
leaf_weight=32 9.0000000000000018 13.000000000000002 13.999999999999998 8.0000000000000018 20 9.9999999999999982 12.999999999999998
leaf_count=32 9 13 14 8 20 10 13
internal_value=0.0344063 0.139879 -0.0664939 -0.0322476 -0.0919482 -0.0176734 0.0854303
internal_weight=119 58 61 27 34 18 26
internal_count=119 58 61 27 34 18 26
is_linear=0
shrinkage=0.03


Tree=3
num_leaves=9
num_cat=0
split_feature=15 0 15 9 8 5 10 13
split_gain=5081.94 1312.04 95.3678 52.6152 8.9781 8.39502 3.96196 3.59991
threshold=0.61941583333333339 0.069270000000000012 0.19823300000000002 0.13208500000000004 0.11522 0.031410000000000007 0.021635000000000005 0.0061600000000000014
decision_type=2 2 2 2 2 2 2 2
left_child=1 2 -1 5 -4 7 -5 -3
right_child=-2 3 4 6 -6 -7 -8 -9
leaf_value=0.18151024098550117 -0.69979353302717207 0.0024227370967467602 0.10879232895374295 -0.10381024503707884 0.055601899663607277 -0.045443087270626653 -0.066586351340015726 -0.024809438327948252
leaf_weight=30 7.9999999999999991 8.0000000000000053 17.000000000000004 13.000000000000002 7.9999999999999991 11.999999999999998 17 7.9999999999999991
leaf_count=30 8 8 17 13 8 12 17 8
internal_value=-0.0135802 0.0407005 0.144437 -0.0584261 0.0946223 -0.0273186 -0.0855935 -0.0117635
internal_weight=121 113 55 58 25 28 30 16
internal_count=121 113 55 58 25 28 30 16
is_linear=0
shrinkage=0.03


Tree=4
num_leaves=7
num_cat=0
split_feature=16 0 15 9 10 14
split_gain=4884.69 1256.39 93.7417 53.6681 6.11574 5.41483
threshold=0.29371150000000007 0.084080000000000016 0.19823300000000002 0.11204000000000001 0.016845000000000002 119.41450000000002
decision_type=2 2 2 2 2 2
left_child=1 2 -1 4 -3 -4
right_child=-2 3 5 -5 -6 -7
leaf_value=0.17930956985056398 -0.68030069206158317 -0.035102530040911253 0.10651258285422072 -0.084153422984384732 -0.0037780026527629651 0.058993866284688314
leaf_weight=31 7.9999999999999991 13.000000000000002 18.000000000000004 30 9.9999999999999982 7.9999999999999991
leaf_count=31 8 13 18 30 10 8
internal_value=-0.00816694 0.0463905 0.143027 -0.0582361 -0.0222706 0.0946735
internal_weight=118 110 57 53 23 26
internal_count=118 110 57 53 23 26
is_linear=0
shrinkage=0.03


Tree=5
num_leaves=9
num_cat=0
split_feature=35 0 16 9 15 13 28 29
split_gain=5112.12 1121.56 120.387 21.1233 5.58213 4.52099 2.16299 0.892427
threshold=-4.4513294524876441 0.084080000000000016 0.098534750000000018 0.13208500000000004 0.61740716666666684 0.005915000000000001 12.144140677029611 3687.8920506742661
decision_type=2 2 2 2 2 2 2 2
left_child=1 2 -1 5 -5 -3 -4 -7
right_child=-2 3 6 4 -6 7 -8 -9
leaf_value=0.17626520356009986 -0.68915099247296641 -0.0093113976120948756 0.059655898368358586 -0.08068146409486468 -0.040245863835016882 -0.047686945239702835 0.09715934777000676 -0.025681988722085949
leaf_weight=33 7.9999999999999991 8.0000000000000018 9.0000000000000018 18.000000000000004 7.9999999999999991 8.0000000000000018 22 8.9999999999999982
leaf_count=33 8 8 9 18 8 8 22 9
internal_value=-0.000371642 0.0530584 0.135804 -0.0513647 -0.0702467 -0.0297233 0.0885226 -0.0381946
internal_weight=123 115 64 51 26 25 31 17
internal_count=123 115 64 51 26 25 31 17
is_linear=0
shrinkage=0.03


Tree=6
num_leaves=8
num_cat=0
split_feature=8 0 15 21 39 20 25
split_gain=4823.79 1004.54 90.3111 34.3628 18.0341 4.00671 0.171913
threshold=0.55734500000000009 0.069270000000000012 0.28085016666666668 723.0635655000001 1.8035624171914642 0.016030000000000003 802.9000000000002
decision_type=2 2 2 2 2 2 2
left_child=1 2 -1 4 -3 -6 -4
right_child=-2 3 6 -5 5 -7 -8
leaf_value=0.16332604298076112 -0.67562262519200633 0.011738623148202893 0.087400051337022028 -0.071673821940422058 -0.018893723613023751 -0.048809820991296028 0.053644742757081976
leaf_weight=36 7.9999999999999991 9.0000000000000018 12.000000000000002 24 9.0000000000000018 11.999999999999998 7.9999999999999991
leaf_count=36 8 9 12 24 9 12 8
internal_value=-0.00768875 0.0465238 0.134475 -0.0454441 -0.0227767 -0.0374984 0.0771668
internal_weight=118 110 56 54 30 21 20
internal_count=118 110 56 54 30 21 20
is_linear=0
shrinkage=0.03


Tree=7
num_leaves=8
num_cat=0
split_feature=7 2 17 21 39 8 22
split_gain=4867.42 864.854 61.5487 26.453 13.8945 2.95721 2.31285
threshold=0.15133000000000005 1.3808300000000002 0.035206174300000011 722.25561450000009 1.8035624171914642 0.34447500000000003 866.69894887670387
decision_type=2 2 2 2 2 2 2
left_child=1 2 -1 4 -3 -6 -5
right_child=-2 3 -4 6 5 -7 -8
leaf_value=0.16270632832390919 -0.68638838156064341 0.011421680221706625 0.086865699267905688 -0.070323923391454352 -0.044760446047782884 -0.01800086685744199 -0.042346082678207983
leaf_weight=27 7.9999999999999991 9.0000000000000018 22 16.000000000000004 9.0000000000000018 9.9999999999999982 11.999999999999998
leaf_count=27 8 9 22 16 9 10 12
internal_value=-0.0166904 0.040314 0.131104 -0.0400071 -0.018324 -0.0323557 -0.0602588
internal_weight=113 105 49 56 28 19 28
internal_count=113 105 49 56 28 19 28
is_linear=0
shrinkage=0.03


Tree=8
num_leaves=7
num_cat=0
split_feature=0 2 21 39 5 8
split_gain=975.251 78.5866 35.7186 12.2209 6.99199 1.58924
threshold=0.069270000000000012 0.84946500000000014 723.0635655000001 2.1803351701916882 0.027310000000000004 0.11522
decision_type=2 2 2 2 2 2
left_child=1 -1 3 -2 -4 -3
right_child=2 5 4 -5 -6 -7
leaf_value=0.16130372179576327 0.0026549412184394888 0.09104457769714866 -0.076163273221568045 -0.03478765046596527 -0.040387190542050762 0.053130147596200307
leaf_weight=34 15.000000000000002 12.000000000000002 18.000000000000004 14.999999999999998 12.999999999999998 7.9999999999999991
leaf_count=34 15 12 18 15 13 8
internal_value=0.0412132 0.132916 -0.0407766 -0.0165362 -0.0629382 0.0792024
internal_weight=115 54 61 30 31 20
internal_count=115 54 61 30 31 20
is_linear=0
shrinkage=0.03


Tree=9
num_leaves=8
num_cat=0
split_feature=17 19 16 9 27 25 7
split_gain=4476.95 835.027 69.9285 22.4732 12.5874 5.06538 4.81951
threshold=0.25041880400000005 0.16965000000000002 0.098534750000000018 0.13208500000000004 7.6600510419573231 822.50000000000011 0.13542500000000005
decision_type=2 2 2 2 2 2 2
left_child=1 2 -1 4 -3 -6 -5
right_child=-2 3 -4 6 5 -7 -8
leaf_value=0.15500465722765241 -0.64701231304804485 0.010100682318887924 0.08138705201983451 -0.064553785782111309 -0.047428254524866723 -0.014680718734860421 -0.029621185172349213
leaf_weight=34 7.9999999999999991 10.000000000000002 24 18.000000000000004 8.0000000000000018 10.999999999999998 7.9999999999999991
leaf_count=34 8 10 24 18 8 11 8
internal_value=-0.00286721 0.0479983 0.126463 -0.0355005 -0.0163972 -0.0302261 -0.055356
internal_weight=121 113 58 55 29 19 26
internal_count=121 113 58 55 29 19 26
is_linear=0
shrinkage=0.03


Tree=10
num_leaves=9
num_cat=0
split_feature=7 9 16 21 13 1 2 15
split_gain=4563.52 795.445 75.9711 22.6935 8.91889 2.98576 2.48426 2.26014
threshold=0.15133000000000005 0.046770000000000006 0.098534750000000018 722.25561450000009 0.005915000000000001 0.54818 1.8029500000000003 0.31461583333333337
decision_type=2 2 2 2 2 2 2 2
left_child=1 2 -1 4 -3 -5 -6 -4
right_child=-2 3 7 5 6 -7 -8 -9
leaf_value=0.15071795868873594 -0.66162485590142495 0.0088552669336398413 0.084369535794383596 -0.063254627943038932 -0.014304643614048302 -0.035750965617597101 -0.037768123399127614 0.048694426031783214
leaf_weight=31 7.9999999999999991 8.0000000000000018 18.000000000000004 20.000000000000004 10.000000000000002 10.999999999999998 9.9999999999999982 7.9999999999999991
leaf_count=31 8 8 18 20 10 11 10 8
internal_value=-0.0107267 0.0394212 0.118401 -0.0375577 -0.0170036 -0.0549643 -0.0273476 0.0756582
internal_weight=124 116 57 59 28 31 20 26
internal_count=124 116 57 59 28 31 20 26
is_linear=0
shrinkage=0.03


Tree=11
num_leaves=9
num_cat=0
split_feature=1 23 16 0 22 0 34 1
split_gain=4599.44 739.3 44.8118 35.1036 11.206 5.93372 5.80039 5.07403
threshold=0.55441000000000018 468.91088550000006 0.098534750000000018 0.099065000000000014 863.94761649259465 0.12072500000000001 97.486501500000102 0.42496000000000006
decision_type=2 2 2 2 2 2 2 2
left_child=1 3 -3 -1 6 -6 -5 -8
right_child=-2 2 -4 4 5 -7 7 -9
leaf_value=0.023288898134976626 -0.66227423393726337 0.14844843569397925 0.083016566731713037 -0.042737886746724421 -0.032347596040138815 -0.066582950019836426 -0.027643122712771084 0.0037298060528933997
leaf_weight=8.9999999999999982 7.9999999999999991 31 21 8.0000000000000018 12.000000000000002 13.999999999999998 8.0000000000000018 8.9999999999999982
leaf_count=9 8 31 21 8 12 14 8 9
internal_value=-0.0096385 0.0424134 0.124117 -0.029246 -0.0388153 -0.0526209 -0.0229281 -0.0116661
internal_weight=120 112 52 60 51 26 25 17
internal_count=120 112 52 60 51 26 25 17
is_linear=0
shrinkage=0.03


Tree=12
num_leaves=8
num_cat=0
split_feature=1 23 9 14 24 20 28
split_gain=4323.54 754.82 45.5222 21.9778 10.7748 7.01681 1.69715
threshold=0.55441000000000018 468.91088550000006 0.023570000000000004 91.89800000000001 1.0000000180025095e-35 0.018475000000000002 12.893813615917994
decision_type=2 2 2 2 2 2 2
left_child=1 3 -3 5 -5 -1 -4
right_child=-2 2 6 4 -6 -7 -8
leaf_value=-0.02586111286970285 -0.64035084688663479 0.14392831539426529 0.053133002559343952 -0.025005249347537745 0.014828933556005359 -0.058197694653402202 0.090932597075189858
leaf_weight=11.999999999999998 7.9999999999999991 34 8.0000000000000018 15.000000000000002 8.9999999999999982 22 12.999999999999998
leaf_count=12 8 34 8 15 9 22 13
internal_value=-0.00737254 0.042651 0.121281 -0.0326786 -0.0100118 -0.0478926 0.0796706
internal_weight=121 113 55 58 24 34 21
internal_count=121 113 55 58 24 34 21
is_linear=0
shrinkage=0.03


Tree=13
num_leaves=10
num_cat=0
split_feature=23 15 30 10 13 8 7 7 16
split_gain=688.716 34.0957 20.0299 14.0162 8.76818 6.98527 5.36813 3.83315 1.1612
threshold=468.91088550000006 0.28085016666666668 12.672537297011129 0.027955000000000004 0.0066250000000000007 0.52061000000000013 0.11500500000000001 0.096470000000000014 0.14681925000000004
decision_type=2 2 2 2 2 2 2 2 2
left_child=2 -2 -1 4 6 -6 7 -4 -3
right_child=1 8 3 -5 5 -7 -8 -9 -10
leaf_value=-0.056329871833324434 0.13080324059563711 0.050691740459203695 -0.0080454444050788824 0.016060899664647875 -0.017930804915726177 -0.059212975358963006 0.0032328184815970332 -0.036477510040998452 0.085801422572135924
leaf_weight=17 36 9.0000000000000018 9.0000000000000053 7.9999999999999991 8.0000000000000018 8.9999999999999982 9.9999999999999982 8.9999999999999982 8.9999999999999982
leaf_count=17 36 9 9 8 8 9 10 9 9
internal_value=0.0333647 0.112866 -0.0286699 -0.0188912 -0.0253516 -0.0419448 -0.0141265 -0.0235121 0.0719175
internal_weight=124 54 70 53 45 17 28 18 18
internal_count=124 54 70 53 45 17 28 18 18
is_linear=0
shrinkage=0.03


Tree=14
num_leaves=8
num_cat=0
split_feature=35 2 16 12 4 8 13
split_gain=4264.01 557.511 70.3819 11.904 9.45735 7.80395 3.69506
threshold=-4.4513294524876441 1.4601050000000002 0.098534750000000018 0.0026200000000000004 0.0033750000000000004 0.11522 0.0066250000000000007
decision_type=2 2 2 2 2 2 2
left_child=1 2 -1 4 -3 -4 -6
right_child=-2 3 5 -5 6 -7 -8
leaf_value=0.13446565485000608 -0.63106766406695047 -0.0097951105922460553 0.079058682131767255 0.0044268294681202277 -0.025005166321992865 0.038707058543508699 -0.050292588939269384
leaf_weight=35 7.9999999999999991 13.999999999999998 19.000000000000004 9.9999999999999982 13.000000000000002 9.9999999999999982 17
leaf_count=35 8 14 19 10 13 10 17
internal_value=-0.00144854 0.0461693 0.105396 -0.0246376 -0.0312281 0.0669484 -0.0405432
internal_weight=126 118 64 54 44 29 30
internal_count=126 118 64 54 44 29 30
is_linear=0
shrinkage=0.03


Tree=15
num_leaves=9
num_cat=0
split_feature=27 9 16 10 21 16 30 28
split_gain=4146.56 487.199 40.2271 10.4135 10.3609 6.97393 1.75823 0.0482757
threshold=11.294627476325891 0.046770000000000006 0.098534750000000018 0.023345000000000001 723.0635655000001 0.28928050000000011 15.575005434838424 12.144140677029611
decision_type=2 2 2 2 2 2 2 2
left_child=1 2 -1 4 6 -6 -3 -4
right_child=-2 3 7 -5 5 -7 -8 -9
leaf_value=0.12335159463882446 -0.63361581935485201 -0.027153691434860221 0.045638534466425559 -0.0054789101719856263 -0.071376610493659939 -0.027458201388518011 -0.0080103376408418026 0.072776107546138141
leaf_weight=29 7.9999999999999991 14.000000000000002 8.0000000000000018 13.999999999999998 9.0000000000000018 7.9999999999999991 7.9999999999999991 18
leaf_count=29 8 14 8 14 9 8 8 18
internal_value=-0.0148203 0.0363951 0.0981614 -0.028305 -0.0361197 -0.0534661 -0.0209086 0.0664812
internal_weight=116 108 55 53 39 17 22 26
internal_count=116 108 55 53 39 17 22 26
is_linear=0
shrinkage=0.03


Tree=16
num_leaves=9
num_cat=0
split_feature=5 0 16 1 13 10 4 3
split_gain=4225.14 529.316 44.9474 12.1426 10.5832 6.7012 6.02562 5.21853
threshold=0.016740000000000005 0.084080000000000016 0.098534750000000018 0.54818 0.0066250000000000007 0.032400000000000005 0.0045600000000000007 0.015185000000000002
decision_type=2 2 2 2 2 2 2 2
left_child=-1 2 -2 4 6 -4 7 -3
right_child=1 3 5 -5 -6 -7 -8 -9
leaf_value=-0.63310536624491209 0.12546430539403641 0.0087666840503613074 0.04295188292115925 -0.0017908079383196307 -0.052178593334029702 0.081999779294518862 -0.038307786262035369 -0.023660573303699493
leaf_weight=7.9999999999999991 34 8.0000000000000053 11.000000000000002 14.999999999999998 15.999999999999998 15.999999999999998 8.9999999999999982 7.9999999999999991
leaf_count=8 34 8 11 15 16 16 9 8
internal_value=-0.00658802 0.0412403 0.101672 -0.0251897 -0.0334681 0.0682471 -0.0198893 -0.00779676
internal_weight=125 117 61 56 41 27 25 16
internal_count=125 117 61 56 41 27 25 16
is_linear=0
shrinkage=0.03


Tree=17
num_leaves=10
num_cat=0
split_feature=7 0 15 34 3 7 8 7 25
split_gain=3951.28 438.268 63.2619 6.82056 6.51075 5.78022 4.43346 3.66295 1.42186
threshold=0.15133000000000005 0.084080000000000016 0.28085016666666668 96.592758000000018 0.015185000000000002 0.12931000000000001 0.34447500000000003 0.07660500000000002 790.90000000000009
decision_type=2 2 2 2 2 2 2 2 2
left_child=1 2 8 -3 5 6 -5 -4 -1
right_child=-2 3 7 4 -6 -7 -8 -9 -10
leaf_value=0.12835609335899351 -0.6091156417528788 -0.046387898763020831 0.038389068590743189 -0.03109137675762174 -0.033520456093097367 0.012454484567046165 -0.003998144337109156 0.068714318173272268 0.082657020306587212
leaf_weight=29 7.9999999999999991 7.9999999999999991 13.000000000000002 9.0000000000000053 12.999999999999998 7.9999999999999991 12.999999999999998 12.999999999999998 8.9999999999999982
leaf_count=29 8 8 13 9 13 8 13 13 9
internal_value=-0.00359206 0.0434063 0.0950954 -0.0220111 -0.0164905 -0.00821927 -0.0160169 0.0555906 0.119968
internal_weight=123 115 64 51 43 30 22 26 38
internal_count=123 115 64 51 43 30 22 26 38
is_linear=0
shrinkage=0.03


Tree=18
num_leaves=10
num_cat=0
split_feature=28 23 15 26 7 20 20 22 26
split_gain=4094.52 427.858 39.7688 17.1363 12.7734 8.74615 7.21916 2.13298 0.616522
threshold=27.600368555591881 468.91088550000006 0.19418566666666667 48.325260263157901 0.096470000000000014 0.016030000000000003 0.024875000000000005 864.50444184759783 68.589623148148178
decision_type=2 2 2 2 2 2 2 2 2
left_child=1 3 -3 4 -1 -6 -5 -7 -4
right_child=-2 2 8 6 5 7 -8 -9 -10
leaf_value=0.0036542152166366576 -0.62560514205694184 0.12209718961715697 0.073609811621904359 -0.0080289269149303403 -0.010266279238920945 -0.027637857042253005 0.029197435418764749 -0.051454808139801023 0.046087013161182404
leaf_weight=10.999999999999998 7.9999999999999991 29 19.000000000000004 9.0000000000000018 11.999999999999998 11.000000000000002 7.9999999999999991 13.999999999999998 8.9999999999999982
leaf_count=11 8 29 19 9 12 11 8 14 9
internal_value=-0.00796614 0.0372795 0.0965342 -0.0153348 -0.0243793 -0.0326299 0.0100549 -0.0424991 0.0667092
internal_weight=130 122 57 65 48 37 17 25 28
internal_count=130 122 57 65 48 37 17 25 28
is_linear=0
shrinkage=0.03


Tree=19
num_leaves=10
num_cat=0
split_feature=16 23 2 39 22 27 39 19 5
split_gain=3615.73 392.869 25.7323 15.0503 11.6792 5.79496 4.55977 1.21824 0.032956
threshold=0.29849850000000006 468.91088550000006 0.84946500000000014 2.1803351701916882 866.69894887670387 7.4160937803607547 2.8865117388329917 0.13416500000000006 0.027220000000000005
decision_type=2 2 2 2 2 2 2 2 2
left_child=1 3 -3 4 5 -1 8 -4 -5
right_child=-2 2 7 6 -6 -7 -8 -9 -10
leaf_value=-0.0010470606520771972 -0.59669185970226912 0.12022323154449463 0.076513003289699524 -0.05005112989743548 0.019849005226977169 -0.035390223900477087 -0.014195199356837706 0.044078936318556458 -0.032447543063759805
leaf_weight=9.0000000000000053 7.9999999999999991 24 11.000000000000002 8.0000000000000018 10.999999999999998 7.9999999999999991 9.9999999999999982 7.9999999999999991 13.999999999999998
leaf_count=9 8 24 11 8 11 8 10 8 14
internal_value=-0.0199589 0.0301282 0.0982602 -0.0194855 -0.00313085 -0.0183601 -0.0332218 0.0658183 -0.0408119
internal_weight=111 103 43 60 28 17 32 19 22
internal_count=111 103 43 60 28 17 32 19 22
is_linear=0
shrinkage=0.03


Tree=20
num_leaves=10
num_cat=0
split_feature=22 23 16 20 30 11 13 10 9
split_gain=3926.03 348.376 34.7456 17.006 7.45481 11.9926 6.61294 3.96146 2.82987
threshold=862.1645597157484 468.91088550000006 0.098534750000000018 0.032085000000000009 15.575005434838424 0.0016250000000000004 0.005915000000000001 0.032400000000000005 0.11204000000000001
decision_type=2 2 2 2 2 2 2 2 2
left_child=-1 3 -3 4 5 8 -6 -4 -2
right_child=1 2 7 -5 6 -7 -8 -9 -10
leaf_value=-0.61159970868627223 -0.028046543768048264 0.11226780746199867 0.038063054632056829 0.022625702923536301 0.012856163544952864 -0.0074945276924176145 -0.02260241452852885 0.071324373096227647 -0.059276400645573928
leaf_weight=7.9999999999999991 9.0000000000000053 32 10.000000000000002 8.9999999999999982 9.0000000000000018 13.999999999999998 7.9999999999999991 14.999999999999998 7.9999999999999991
leaf_count=8 9 32 10 9 9 14 8 15 8
internal_value=-0.00823699 0.0390413 0.0908228 -0.0133875 -0.0204945 -0.0290428 -0.00407556 0.0600532 -0.0453029
internal_weight=122 114 57 57 48 31 17 25 17
internal_count=122 114 57 57 48 31 17 25 17
is_linear=0
shrinkage=0.03


Tree=21
num_leaves=11
num_cat=0
split_feature=28 28 9 10 17 2 16 10 25 14
split_gain=3784.27 334.298 28.0826 12.4479 13.1277 7.32967 4.1595 3.62144 2.53839 1.60912
threshold=26.925040793747744 15.693754802321962 0.023570000000000004 0.023345000000000001 0.24763293895000005 1.8648750000000003 0.24082916666666668 0.030510000000000002 788.6500000000002 92.691500000000005
decision_type=2 2 2 2 2 2 2 2 2 2
left_child=1 2 8 4 5 6 -3 -4 -1 -5
right_child=-2 3 7 9 -6 -7 -8 -9 -10 -11
leaf_value=0.11976302111148832 -0.60275727032621695 -0.032394281627610315 0.035366343547900504 -0.00021599203751732903 0.010012131283432245 -0.052020519232749932 -0.0070009263115269798 0.070636019774845668 0.072835260868072502 0.018067832281192141
leaf_weight=23.000000000000004 7.9999999999999991 11.000000000000002 8.0000000000000018 7.9999999999999991 8.9999999999999982 8.9999999999999982 12.999999999999998 12.999999999999998 7.9999999999999991 7.9999999999999991
leaf_count=23 8 11 8 8 9 9 13 13 8 8
internal_value=-0.0111844 0.0368682 0.0913496 -0.0126722 -0.0211239 -0.0297044 -0.0195298 0.0594864 0.110354 0.00936274
internal_weight=118 110 52 58 42 33 24 21 31 16
internal_count=118 110 52 58 42 33 24 21 31 16
is_linear=0
shrinkage=0.03


Tree=22
num_leaves=10
num_cat=0
split_feature=23 9 10 35 22 20 39 0 29
split_gain=296.265 30.9464 14.3577 8.88894 8.35905 8.34974 6.94059 3.28921 2.55514
threshold=468.91088550000006 0.020610000000000007 0.023345000000000001 -84.684139733390836 863.66784860780524 0.018475000000000002 2.2143997393549806 0.06063000000000001 3896.8247651587621
decision_type=2 2 2 2 2 2 2 2 2
left_child=2 3 4 -2 -1 8 -4 -3 -6
right_child=1 7 6 -5 5 -7 -8 -9 -10
leaf_value=0.0037198124184058259 0.11682413063599513 0.037583724662661543 0.025742498752927133 0.063171926577885937 -0.020870272507270162 -0.042596161901950834 -0.0049200471622439538 0.068536079892090387 0.0020481281876564023
leaf_weight=11.999999999999998 25 11.000000000000002 13.000000000000002 7.9999999999999991 8.0000000000000053 12.999999999999998 11.999999999999998 12.999999999999998 7.9999999999999991
leaf_count=12 25 11 13 8 8 13 12 13 8
internal_value=0.037097 0.0865687 -0.0062605 0.106102 -0.017045 -0.0255249 0.0113436 0.0564804 -0.00987643
internal_weight=123 57 66 33 41 29 25 24 16
internal_count=123 57 66 33 41 29 25 24 16
is_linear=0
shrinkage=0.03


Tree=23
num_leaves=10
num_cat=0
split_feature=15 9 20 4 20 22 26 34 26
split_gain=307.891 26.6354 14.0244 12.6134 5.70388 10.9167 3.88303 2.24259 0.488126
threshold=0.31461583333333337 0.020610000000000007 0.024875000000000005 0.0045000000000000005 0.016030000000000003 864.50444184759783 65.267621896301719 107.48545999999995 70.975665940746225
decision_type=2 2 2 2 2 2 2 2 2
left_child=1 8 4 -4 -2 7 -3 -6 -1
right_child=2 6 3 -5 5 -7 -8 -9 -10
leaf_value=0.11538905127152152 -0.0028850430186305727 0.068073979899287207 0.025165599464904508 -0.01787951940894127 0.0010190301040808351 -0.049099933832883837 0.033484765529632567 -0.020522525080169243 0.075897825284437698
leaf_weight=22 12.999999999999998 15.000000000000002 15.000000000000002 8.9999999999999982 8.0000000000000053 10.999999999999998 7.9999999999999991 7.9999999999999991 9.9999999999999982
leaf_count=22 13 15 15 9 8 11 8 8 10
internal_value=0.03583 0.087212 -0.00896564 0.00889418 -0.0196737 -0.0273118 0.0580019 -0.0102371 0.105767
internal_weight=119 55 64 24 40 27 23 16 32
internal_count=119 55 64 24 40 27 23 16 32
is_linear=0
shrinkage=0.03


Tree=24
num_leaves=8
num_cat=0
split_feature=15 16 10 22 13 0 26
split_gain=283.764 20.9266 16.6168 12.2322 8.587 5.65091 0.998868
threshold=0.31461583333333337 0.098534750000000018 0.023345000000000001 866.69894887670387 0.0066250000000000007 0.10821000000000001 63.179459537037047
decision_type=2 2 2 2 2 2 2
left_child=1 6 4 -4 5 -2 -1
right_child=2 -3 3 -5 -6 -7 -8
leaf_value=0.12204280605316163 -0.0197321806192398 0.056200109491745635 -0.011855520701408382 0.031292136603593826 -0.034998510451614853 0.0059568962026387458 0.084607077071541234
leaf_weight=13.999999999999998 14.000000000000002 17 9.0000000000000018 13.999999999999998 13.999999999999998 14.999999999999998 18
leaf_count=14 14 17 9 14 14 15 18
internal_value=0.0351419 0.0890556 -0.00559438 0.0145553 -0.016492 -0.00663908 0.104233
internal_weight=115 49 66 23 43 29 32
internal_count=115 49 66 23 43 29 32
is_linear=0
shrinkage=0.03


Tree=25
num_leaves=11
num_cat=0
split_feature=5 16 16 1 7 0 22 4 8 29
split_gain=3754.33 249.133 24.0771 13.6795 11.5947 6.59801 4.21949 2.16648 2.07765 0.0291309
threshold=0.016740000000000005 0.16001233333333334 0.098534750000000018 0.54818 0.096470000000000014 0.06063000000000001 863.66784860780524 0.0036650000000000003 0.53368500000000008 4709.927854612085
decision_type=2 2 2 2 2 2 2 2 2 2
left_child=-1 2 -2 4 -3 -4 -6 -8 -5 -9
right_child=1 3 5 8 6 -7 7 9 -10 -11
leaf_value=-0.59993568171064049 0.098635809107260275 0.0099910508944438068 0.026448750560482334 0.026618050575256336 -0.0037946923971176141 0.065335964125745438 -0.013737169990936911 -0.042473817656437533 0.005226067489385605 -0.02572510228157043
leaf_weight=7.9999999999999991 32 11.999999999999998 8.0000000000000018 8.0000000000000018 7.9999999999999991 15.999999999999998 8.0000000000000018 8.0000000000000018 8.9999999999999982 8.9999999999999982
leaf_count=8 32 12 8 8 8 16 8 8 9 9
internal_value=-0.00919909 0.0355432 0.0808199 -0.00596183 -0.0145743 0.05401 -0.0235824 -0.0294673 0.0162957 -0.035612
internal_weight=126 118 56 62 45 24 33 25 17 17
internal_count=126 118 56 62 45 24 33 25 17 17
is_linear=0
shrinkage=0.03


Tree=26
num_leaves=10
num_cat=0
split_feature=19 2 9 30 18 39 26 39 10
split_gain=3725.6 234.796 21.5304 15.2987 7.31393 9.44803 6.29908 5.58148 2.17156
threshold=0.72595500000000013 1.3302000000000003 0.020610000000000007 12.672537297011129 0.44463500000000006 1.9692012935569021 66.990998175444119 2.2745723471800128 0.032400000000000005
decision_type=2 2 2 2 2 2 2 2 2
left_child=1 2 6 -3 -5 -6 -1 -7 -4
right_child=-2 3 8 4 5 7 -8 -9 -10
leaf_value=0.11151121054887771 -0.59834766749540957 -0.033507375029580927 0.035396233612840812 0.021451959522870871 -0.027937809518792409 0.024417673066258423 0.06876759323051998 -0.0051558988345786934 0.063790462457216701
leaf_weight=19 7.9999999999999991 12.999999999999998 10.000000000000002 11.999999999999998 9.9999999999999982 8.0000000000000018 12.999999999999998 14.999999999999998 11.999999999999998
leaf_count=19 8 13 10 12 10 8 13 15 12
internal_value=-0.010986 0.035879 0.0802928 -0.00610642 0.00233314 -0.00500151 0.0968021 0.00565686 0.0530493
internal_weight=120 112 54 58 45 33 32 23 22
internal_count=120 112 54 58 45 33 32 23 22
is_linear=0
shrinkage=0.03


Tree=27
num_leaves=11
num_cat=0
split_feature=35 19 16 39 20 26 36 34 0 26
split_gain=3578.57 191.399 20.0922 7.55671 9.45744 3.62756 3.45417 3.18534 2.69501 0.589615
threshold=-4.4513294524876441 0.16965000000000002 0.098534750000000018 2.1803351701916882 0.025890000000000003 66.990998175444119 18.537959098288585 107.48545999999995 0.10821000000000001 53.342764766081864
decision_type=2 2 2 2 2 2 2 2 2 2
left_child=1 2 5 4 8 -1 -5 -8 -3 -4
right_child=-2 3 9 6 -6 -7 7 -9 -10 -11
leaf_value=0.10111199134046379 -0.58751873889565465 -0.015705611152946938 0.062744503855705222 -0.024843697896370517 0.030197886911305507 0.060064157938957211 0.0093370583057403537 -0.01357008157457624 0.00635733482837677 0.039942027263781599
leaf_weight=21.000000000000004 7.9999999999999991 9.0000000000000053 8.0000000000000018 11.999999999999998 9.9999999999999982 8.9999999999999982 8.0000000000000018 12.999999999999998 8.9999999999999982 15.999999999999998
leaf_count=21 8 9 8 12 10 9 8 13 9 16
internal_value=-0.0113151 0.033475 0.0740604 -0.0030439 0.00823083 0.0911808 -0.0126152 -0.00474762 -0.0048412 0.0498086
internal_weight=123 115 54 61 28 30 33 21 18 24
internal_count=123 115 54 61 28 30 33 21 18 24
is_linear=0
shrinkage=0.03


Tree=28
num_leaves=9
num_cat=0
split_feature=15 19 25 9 29 21 30 12
split_gain=3455.11 217.09 22.3237 8.04827 13.4156 7.92646 5.39073 2.43823
threshold=0.61941583333333339 0.16047000000000003 788.6500000000002 0.069910000000000014 4606.8223173768938 725.55515900000012 14.248679166976643 0.0020950000000000001
decision_type=2 2 2 2 2 2 2 2
left_child=1 2 -1 -3 6 -6 -5 -8
right_child=-2 3 -4 4 5 -7 7 -9
leaf_value=0.09939246474020183 -0.57357343310117714 0.022227573804091662 0.052479064661264424 -0.033356532963422614 -0.003115238425321876 0.030152998842976304 0.0047294275363286339 -0.017467990656693775
leaf_weight=31 7.9999999999999991 10.999999999999998 19 12.000000000000002 15.000000000000002 9.9999999999999982 7.9999999999999991 7.9999999999999991
leaf_count=31 8 11 19 12 15 10 8 8
internal_value=-0.00755067 0.0367994 0.0829733 0 -0.00493413 0.0107823 -0.0189063 -0.00665571
internal_weight=122 114 50 64 53 25 28 16
internal_count=122 114 50 64 53 25 28 16
is_linear=0
shrinkage=0.03


Tree=29
num_leaves=11
num_cat=0
split_feature=0 23 9 10 7 19 19 26 26 25
split_gain=3323.42 165.463 13.7212 13.4366 7.63343 7.55669 5.12236 5.09634 3.45224 3.10918
threshold=0.13013500000000003 468.91088550000006 0.020610000000000007 0.023345000000000001 0.10721000000000001 0.71140000000000014 0.46320500000000003 65.267621896301719 41.941253333333343 788.6500000000002
decision_type=2 2 2 2 2 2 2 2 2 2
left_child=1 3 9 5 -5 6 8 -4 -1 -3
right_child=-2 2 7 4 -6 -7 -8 -9 -10 -11
leaf_value=0.0055341237187385515 -0.56689232730865469 0.096003125976432444 0.06178015917998092 -0.0025184558987617479 0.033017845135468703 0.009697874199599027 -0.03639379391670227 0.025400932222604748 -0.01884849854845267 0.055649524370829262
leaf_weight=8.0000000000000053 7.9999999999999991 21.000000000000004 12.000000000000002 9.0000000000000018 11.999999999999998 10.999999999999998 8.9999999999999982 7.9999999999999991 11.999999999999998 7.9999999999999991
leaf_count=8 8 21 12 9 12 11 9 8 12 8
internal_value=-0.0125219 0.0325264 0.0729833 -0.000600635 0.0182976 -0.0107631 -0.0186387 0.0492024 -0.00922492 0.0871471
internal_weight=118 110 49 61 21 40 29 20 20 29
internal_count=118 110 49 61 21 40 29 20 20 29
is_linear=0
shrinkage=0.03


Tree=30
num_leaves=10
num_cat=0
split_feature=5 2 16 1 13 30 12 10 26
split_gain=3397.24 166.358 17.4945 9.62688 9.71976 10.892 6.09692 5.01378 1.00764
threshold=0.016740000000000005 1.3808300000000002 0.098534750000000018 0.54818 0.0066250000000000007 12.672537297011129 0.0020700000000000002 0.032400000000000005 70.975665940746225
decision_type=2 2 2 2 2 2 2 2 2
left_child=-1 2 8 4 5 -3 -7 -4 -2
right_child=1 3 7 -5 -6 6 -8 -9 -10
leaf_value=-0.57103246655563511 0.094362210216522219 -0.026327395975589741 0.025678788757324208 0.02068113942657198 -0.02852746941574982 0.030212865775823581 -0.00077923655403511866 0.06035927353455469 0.058348148107528683
leaf_weight=7.9999999999999991 24 8.0000000000000018 9.0000000000000018 12.999999999999998 12.999999999999998 9.0000000000000018 12.999999999999998 11.999999999999998 7.9999999999999991
leaf_count=8 24 8 9 13 13 9 13 12 8
internal_value=-0.010718 0.0352097 0.0727805 -0.000975015 -0.00787754 0.00165396 0.0125965 0.0474072 0.0874451
internal_weight=117 109 53 56 43 30 22 21 32
internal_count=117 109 53 56 43 30 22 21 32
is_linear=0
shrinkage=0.03


Tree=31
num_leaves=10
num_cat=0
split_feature=19 19 25 11 14 4 19 5 13
split_gain=3294.18 145.649 19.8352 14.5271 16.2993 9.44648 5.41361 4.87242 1.5517
threshold=0.72595500000000013 0.16965000000000002 805.20000000000016 0.0016250000000000004 100.06150000000001 0.0046300000000000013 0.46320500000000003 0.027310000000000004 0.0063550000000000004
decision_type=2 2 2 2 2 2 2 2 2
left_child=1 2 5 4 6 -1 8 -5 -3
right_child=-2 3 -4 7 -6 -7 -8 -9 -10
leaf_value=0.047111954074639535 -0.56543764858444534 -0.0022814131180445333 0.021726927796999612 0.006136239828971715 0.01636806460412649 0.086917640309179978 -0.041189207683910024 0.036175316611925752 -0.021002476130922636
leaf_weight=11.999999999999998 7.9999999999999991 8.0000000000000053 7.9999999999999991 12.000000000000002 11.999999999999998 30 9.9999999999999982 7.9999999999999991 7.9999999999999991
leaf_count=12 8 8 8 12 12 30 10 8 8
internal_value=-0.0139017 0.0317518 0.0687342 -0.000728856 -0.0115731 0.0769396 -0.0246532 0.0193738 -0.012415
internal_weight=116 108 50 58 38 42 26 20 16
internal_count=116 108 50 58 38 42 26 20 16
is_linear=0
shrinkage=0.03


Tree=32
num_leaves=9
num_cat=0
split_feature=22 15 3 12 39 29 35 15
split_gain=3274.3 115.364 22.1031 9.88175 5.27294 4.39293 4.1844 1.59185
threshold=862.86483802030193 0.28512433333333337 0.015185000000000002 0.0025850000000000001 2.2261793006805171 4304.7992280868239 -62.910355130903433 0.19418566666666667
decision_type=2 2 2 2 2 2 2 2
left_child=-1 7 3 4 6 -4 -3 -2
right_child=1 2 5 -5 -6 -7 -8 -9
leaf_value=-0.55867380950848256 0.08404809049696757 0.055731410479545593 -0.024509308256208884 -0.0038001640498638153 0.014890369185246527 0.0020946639694950793 0.026239962944760907 0.054352028977125877
leaf_weight=7.9999999999999991 28 8.9999999999999964 11.000000000000002 8.9999999999999982 14.999999999999998 9.9999999999999982 15.000000000000004 10.999999999999998
leaf_count=8 28 9 11 9 15 10 15 11
internal_value=-0.00877024 0.0367013 0.012969 0.0240591 0.03046 -0.0122532 0.0391461 0.077278
internal_weight=116 108 69 48 39 21 24 39
internal_count=116 108 69 48 39 21 24 39
is_linear=0
shrinkage=0.03


Tree=33
num_leaves=11
num_cat=0
split_feature=22 19 34 19 10 35 26 25 22 25
split_gain=3303.45 117.845 14.2679 10.9727 11.1894 8.48386 3.55896 2.33288 2.23796 1.17392
threshold=862.1645597157484 0.16965000000000002 68.097093499999986 0.71140000000000014 0.023345000000000001 -122.41664965017121 65.267621896301719 821.1500000000002 866.69894887670387 838.70000000000016
decision_type=2 2 2 2 2 2 2 2 2 2
left_child=-1 2 5 4 7 -2 -4 -3 -6 -9
right_child=1 3 6 -5 8 -7 -8 9 -10 -11
leaf_value=-0.56072504522837685 0.047828156603872754 -0.027830406169096614 0.05579446441307663 0.028525717438331669 0.00198575460910797 0.093538368929516183 0.026600999271869659 0.00037440569698810576 0.022964006692171097 -0.015198262174924215
leaf_weight=7.9999999999999991 9.0000000000000018 8.0000000000000018 17.000000000000004 12.999999999999998 8.0000000000000018 21 8.9999999999999982 7.9999999999999991 10.999999999999998 7.9999999999999991
leaf_count=8 9 8 17 13 8 21 9 8 11 8
internal_value=-0.0076213 0.0364854 0.0668585 0.00544582 -0.00198747 0.0818589 0.0471041 -0.0153555 0.014747 -0.00775969
internal_weight=120 112 56 56 43 30 26 24 19 16
internal_count=120 112 56 56 43 30 26 24 19 16
is_linear=0
shrinkage=0.03


Tree=34
num_leaves=11
num_cat=0
split_feature=1 2 22 9 12 26 28 3 12 39
split_gain=3230.01 98.9809 13.8317 9.61011 8.90389 7.87556 6.70315 5.3975 2.73666 0.785253
threshold=0.55441000000000018 1.3302000000000003 863.66784860780524 0.020610000000000007 0.0023750000000000004 66.990998175444119 20.447453212506016 0.015185000000000002 0.0023150000000000007 2.15046875199124
decision_type=2 2 2 2 2 2 2 2 2 2
left_child=1 3 6 5 7 -1 -3 9 -5 -4
right_child=-2 2 4 8 -6 -7 -8 -9 -10 -11
leaf_value=0.090621935892105085 -0.55491124246517809 0.010260241435049099 0.024466884920994421 0.057666637480258923 -0.026204287058115002 0.049914804621384687 0.048638196428616838 -0.006452010068111122 0.029966933095827698 0.0091267189780871068
leaf_weight=19.000000000000004 7.9999999999999991 9.0000000000000018 8.0000000000000053 11.000000000000002 8.9999999999999982 11.999999999999998 7.9999999999999991 14.999999999999998 10.999999999999998 7.9999999999999991
leaf_count=19 8 9 8 11 9 12 8 15 11 8
internal_value=-0.00836011 0.0360166 0.00825713 0.0651377 -0.00149836 0.0769635 0.0301026 0.0062222 0.0457871 0.0178731
internal_weight=118 110 57 53 40 31 17 31 22 16
internal_count=118 110 57 53 40 31 17 31 22 16
is_linear=0
shrinkage=0.03


Tree=35
num_leaves=10
num_cat=0
split_feature=28 15 0 11 7 39 7 9 14
split_gain=3395.03 75.737 12.2385 14.738 20.7884 6.96215 6.78362 1.36533 1.05938
threshold=26.925040793747744 0.28512433333333337 0.12377000000000002 0.0011650000000000002 0.11500500000000001 2.3580291790596992 0.090035000000000018 0.020610000000000007 134.15850000000003
decision_type=2 2 2 2 2 2 2 2 2
left_child=1 7 3 5 -5 6 -3 8 -1
right_child=-2 2 -4 4 -6 -7 -8 -9 -10
leaf_value=0.086842560902237881 -0.56990151955684021 0.014494517286618538 0.041595395886898034 -0.027766816761810323 0.020596109327394512 0.0044831571936607357 0.054413918173313133 0.045045182577023897 0.058117966921068721
leaf_weight=15.000000000000002 7.9999999999999991 8.0000000000000053 13.999999999999998 15.000000000000002 14.999999999999998 8.9999999999999982 8.9999999999999982 7.9999999999999991 14.999999999999998
leaf_count=15 8 8 14 15 15 9 9 8 15
internal_value=-0.00995912 0.0363523 0.0173679 0.0106612 -0.00365262 0.0267563 0.0375605 0.069943 0.0748667
internal_weight=116 108 70 56 30 26 17 38 30
internal_count=116 108 70 56 30 26 17 38 30
is_linear=0
shrinkage=0.03


Tree=36
num_leaves=10
num_cat=0
split_feature=29 15 13 36 1 3 25 39 9
split_gain=3155.6 63.5737 13.4882 16.5901 10.9687 6.28251 3.796 5.28851 3.38138
threshold=5592.3290355338031 0.28512433333333337 0.0046500000000000005 19.064029254381268 0.50871000000000011 0.015185000000000002 827.25000000000011 1.8745032273517752 0.020610000000000007
decision_type=2 2 2 2 2 2 2 2 2
left_child=1 8 -3 5 -5 6 7 -4 -1
right_child=-2 2 3 4 -6 -7 -8 -9 -10
leaf_value=0.072330213277733757 -0.55055490080515535 0.046523494005203239 0.031179700136184665 0.0085418727690620058 0.047788653654711584 -0.01861103871149512 -0.007997107109427453 -0.0019513734454909958 0.040548438294231888
leaf_weight=27 7.9999999999999991 10.999999999999998 8.0000000000000053 13.000000000000002 12.999999999999998 11.999999999999998 8.9999999999999982 7.9999999999999991 8.9999999999999982
leaf_count=27 8 11 8 13 13 12 9 8 9
internal_value=-0.0103505 0.0335295 0.017174 0.0113792 0.029264 -0.00158841 0.0069263 0.0153856 0.065736
internal_weight=118 110 74 63 26 37 25 16 36
internal_count=118 110 74 63 26 37 25 16 36
is_linear=0
shrinkage=0.03


Tree=37
num_leaves=12
num_cat=0
split_feature=7 15 10 36 30 9 11 22 22 26 4
split_gain=2994.21 81.421 12.7616 16.7501 9.93922 4.40984 2.69701 2.26434 2.15102 2.03733 0.183411
threshold=0.15133000000000005 0.28512433333333337 0.023630000000000002 19.163008058092711 15.575005434838424 0.020610000000000007 0.00046500000000000003 866.41822802030208 864.50444184759783 66.990998175444119 0.0047150000000000013
decision_type=2 2 2 2 2 2 2 2 2 2 2
left_child=1 5 3 4 -3 9 -4 -8 -5 -1 -9
right_child=-2 2 6 8 -6 -7 7 10 -10 -11 -12
leaf_value=0.085558255809545514 -0.53179930214087168 -0.024606115251313888 0.012455337956547737 0.03945401593049367 0.011627544911578297 0.042693591421300713 0.017793623546759282 0.048666257357597324 0.014538696100314458 0.055255404608590263 0.029246304175257681
leaf_weight=19 7.9999999999999991 15.000000000000002 7.9999999999999991 7.9999999999999991 10.999999999999998 9.9999999999999982 8.0000000000000018 9.0000000000000018 7.9999999999999991 12.999999999999998 8.9999999999999982
leaf_count=19 8 15 8 8 11 10 8 9 8 13 9
internal_value=-0.00421409 0.0357101 0.0167615 0.00542482 -0.00935805 0.0687761 0.0301676 0.0348988 0.0286726 0.0753406 0.0410856
internal_weight=126 118 76 42 26 42 34 26 16 32 18
internal_count=126 118 76 42 26 42 34 26 16 32 18
is_linear=0
shrinkage=0.03


Tree=38
num_leaves=10
num_cat=0
split_feature=5 9 20 7 26 26 36 25 36
split_gain=3152.66 54.9827 17.8717 26.1016 7.54616 12.0773 6.38958 3.43895 2.61661
threshold=0.018605000000000003 0.023570000000000004 0.032085000000000009 0.11500500000000001 49.443937711640231 39.369458708577014 19.064029254381268 783.6500000000002 11.57919176276731
decision_type=2 2 2 2 2 2 2 2 2
left_child=-1 7 3 4 5 -3 -5 -2 -4
right_child=1 2 8 6 -6 -7 -8 -9 -10
leaf_value=-0.55046704922119771 0.077840925386973778 0.010154378807544703 0.026926330963770534 0.014665191311761732 0.012159024478495119 -0.034067726804659915 0.04966232774938855 0.04365851376056671 0.057017221862619566
leaf_weight=7.9999999999999991 20.000000000000004 9.0000000000000018 8.0000000000000018 9.0000000000000018 13.999999999999998 11.999999999999998 12.999999999999998 8.9999999999999982 9.9999999999999982
leaf_count=8 20 9 8 9 14 12 13 9 10
internal_value=-0.0116811 0.0345976 0.0205066 0.0118271 -0.00433198 -0.0154471 0.0366706 0.0690915 0.0458435
internal_weight=112 104 75 57 35 21 22 29 18
internal_count=112 104 75 57 35 21 22 29 18
is_linear=0
shrinkage=0.03


Tree=39
num_leaves=12
num_cat=0
split_feature=23 15 11 28 7 36 7 26 39 26 25
split_gain=2996.49 70.3369 14.4754 11.4351 13.1633 6.31875 5.72793 5.93996 5.30188 4.04694 1.93788
threshold=414.64873150000005 0.28512433333333337 0.0018950000000000002 15.693754802321962 0.11500500000000001 11.57919176276731 0.098360000000000017 44.427327807017555 1.4142209185339727 65.267621896301719 783.6500000000002
decision_type=2 2 2 2 2 2 2 2 2 2 2
left_child=-1 8 3 5 6 -3 7 -5 10 -10 -2
right_child=1 2 -4 4 -6 -7 -8 -9 9 -11 -12
leaf_value=-0.53396392110983526 0.057814738978232638 0.010596228709816928 0.05169114091992378 0.021565062046051017 0.025234430068172511 0.047074413692951199 -0.020855177602730691 -0.011304044877940959 0.089933549063546295 0.048208834916353221 0.031096258467435831
leaf_weight=7.9999999999999991 13.000000000000002 9.0000000000000018 7.9999999999999991 8.0000000000000018 14.999999999999998 8.9999999999999982 14.999999999999998 9.9999999999999982 13.000000000000002 7.9999999999999991 8.9999999999999982
leaf_count=8 13 9 8 8 15 9 15 10 13 8 9
internal_value=-0.00635017 0.0339327 0.0157965 0.0107166 0.00282263 0.0304319 -0.00776299 0.00359163 0.0640413 0.0770204 0.0487769
internal_weight=125 117 74 66 48 18 33 18 43 21 22
internal_count=125 117 74 66 48 18 33 18 43 21 22
is_linear=0
shrinkage=0.03


Tree=40
num_leaves=12
num_cat=0
split_feature=21 15 0 20 22 7 39 9 3 26 35
split_gain=2873.39 60.99 15.5161 22.1073 7.63276 5.24206 6.03737 3.66722 3.33565 1.78035 0.563086
threshold=725.61214050000012 0.28085016666666668 0.12484500000000001 0.024875000000000005 863.27318104527615 0.07660500000000002 2.2261793006805171 0.020610000000000007 0.014545000000000001 70.975665940746225 -33.486248340889851
decision_type=2 2 2 2 2 2 2 2 2 2 2
left_child=1 7 3 4 -3 -5 -7 9 -6 -1 -10
right_child=-2 2 -4 5 8 6 -8 -9 10 -11 -12
leaf_value=0.079048620182275764 -0.52422320019702107 0.017587372737626235 0.050174396923997187 0.0081120724439620942 -0.029425364524126037 0.047940923178195934 0.013138159503539403 0.037703374763329821 -0.011067437389244641 0.047418445578217498 0
leaf_weight=19.000000000000004 7.9999999999999991 7.9999999999999991 9.9999999999999982 9.0000000000000018 8.0000000000000018 14.000000000000002 7.9999999999999991 7.9999999999999991 7.9999999999999956 8.9999999999999982 8.0000000000000018
leaf_count=19 8 8 10 9 8 14 8 8 8 9 8
internal_value=-0.00890926 0.0333201 0.0171112 0.0111377 -0.0062778 0.0287962 0.0364721 0.064797 -0.0146781 0.0709192 -0.00591914
internal_weight=117 109 73 63 32 31 22 36 24 28 16
internal_count=117 109 73 63 32 31 22 36 24 28 16
is_linear=0
shrinkage=0.03


Tree=41
num_leaves=11
num_cat=0
split_feature=22 2 0 10 10 27 11 9 18 26
split_gain=2951.7 44.1525 23.0003 22.4178 6.11405 5.34355 4.88678 4.73393 3.73069 3.3848
threshold=862.1645597157484 1.1490100000000003 0.12377000000000002 0.023345000000000001 0.020065000000000003 7.9329742403765735 0.00064500000000000007 0.020610000000000007 0.46753000000000006 66.990998175444119
decision_type=2 2 2 2 2 2 2 2 2 2
left_child=-1 7 3 4 8 6 -5 9 -3 -2
right_child=1 2 -4 5 -6 -7 -8 -9 -10 -11
leaf_value=-0.52889063757161292 0.080168977300326016 -0.0068533187983557545 0.053126444491393421 0.0057483760026785027 -0.023649570432576265 0.045791530499091515 0.035777160664399461 0.036219475409388538 0.018716552818814916 0.046072732784531327
leaf_weight=7.9999999999999991 17.000000000000004 11.000000000000005 15.999999999999998 12.000000000000002 9.9999999999999982 11.999999999999998 7.9999999999999991 8.9999999999999982 7.9999999999999991 9.9999999999999982
leaf_count=8 17 11 16 12 10 12 8 9 8 10
internal_value=-0.00588322 0.0354453 0.0221055 0.013219 -0.00579787 0.0301519 0.018963 0.0625686 0.00423546 0.0696908
internal_weight=121 113 77 61 29 32 20 36 19 27
internal_count=121 113 77 61 29 32 20 36 19 27
is_linear=0
shrinkage=0.03


Tree=42
num_leaves=10
num_cat=0
split_feature=19 15 1 21 7 28 25 10 26
split_gain=2851.01 47.266 15.5227 14.9581 10.5956 9.89914 2.93949 2.451 1.2822
threshold=0.72595500000000013 0.28085016666666668 0.54818 723.0635655000001 0.10721000000000001 15.693754802321962 790.90000000000009 0.018640000000000004 57.695343640350885
decision_type=2 2 2 2 2 2 2 2 2
left_child=1 6 3 4 5 -3 8 -7 -1
right_child=-2 2 -4 -5 -6 7 -8 -9 -10
leaf_value=0.083246205925941438 -0.52054835565636548 0.030107512259483334 0.047920785838365551 -0.017132280535995963 0.042688851014844008 -0.010198043220461559 0.038687718844413757 0.0090333319577303797 0.054268264721421634
leaf_weight=11.000000000000002 7.9999999999999991 13.999999999999998 13.999999999999998 10.999999999999998 12.999999999999998 12.000000000000002 8.9999999999999982 9.9999999999999982 15.999999999999998
leaf_count=11 8 14 14 11 13 12 9 10 16
internal_value=-0.00705689 0.0346276 0.0204103 0.0132863 0.020351 0.0113082 0.0624701 -0.0013786 0.0686791
internal_weight=118 110 74 60 49 36 36 22 27
internal_count=118 110 74 60 49 36 36 22 27
is_linear=0
shrinkage=0.03


Tree=43
num_leaves=11
num_cat=0
split_feature=38 22 8 10 22 27 11 8 22 27
split_gain=2833.54 32.1963 21.1703 21.1059 19.7846 7.68313 4.18227 3.85983 3.91665 3.7116
threshold=5.0484608390443482 874.43806699845356 0.5537200000000001 0.023345000000000001 862.86483802030193 5.6930300082341612 0.00052000000000000017 0.5270800000000001 869.8363109449682 9.0300134492440662
decision_type=2 2 2 2 2 2 2 2 2 2
left_child=-1 2 3 4 -2 -3 -5 8 -8 -6
right_child=1 5 -4 6 9 -7 7 -9 -10 -11
leaf_value=-0.52117432886362069 0.038589517215887707 0.039067599330629608 0.059899050027132035 0.011496157622337341 -0.022001583351535368 0.078082730667931699 0.053072462701797461 0.015783593618310988 0.021963331043720245 -0.00028002496170146128
leaf_weight=7.9999999999999991 7.9999999999999991 13.000000000000002 10.999999999999998 8.9999999999999982 15.000000000000002 12.999999999999998 14.000000000000005 7.9999999999999991 7.9999999999999991 12.999999999999998
leaf_count=8 8 13 11 9 15 13 14 8 8 13
internal_value=-0.00893012 0.0319338 0.022591 0.0163833 -0.000233514 0.0608002 0.0313818 0.0367358 0.043272 -0.0123257
internal_weight=120 112 86 75 36 26 39 30 22 28
internal_count=120 112 86 75 36 26 39 30 22 28
is_linear=0
shrinkage=0.03


Tree=44
num_leaves=11
num_cat=0
split_feature=35 4 1 8 25 30 26 21 25 27
split_gain=2978.16 31.2784 17.5982 16.4211 8.78406 3.4528 3.34212 2.72047 1.70087 1.17089
threshold=-7.8351993530885684 0.0048750000000000009 0.50343500000000019 0.32485000000000003 790.90000000000009 13.069553310823126 57.695343640350885 718.54221500000006 797.85000000000002 8.3445874932214128
decision_type=2 2 2 2 2 2 2 2 2 2
left_child=1 2 3 7 6 -6 -3 -1 -9 -5
right_child=-2 4 -4 9 5 -7 -8 8 -10 -11
leaf_value=0.012413127000842772 -0.5346693059702714 0.082781417250633219 0.047837773140287025 -0.019096108832707001 0.01688276187765101 0.047184578141570087 0.047958111481024662 0.01811415979266166 0.04157310465574264 -0.0035026127831502391
leaf_weight=13.000000000000002 7.9999999999999991 11.000000000000002 14.999999999999998 8.0000000000000018 8.0000000000000018 8.9999999999999982 11.999999999999998 8.0000000000000018 8.9999999999999982 9.9999999999999982
leaf_count=13 8 11 15 8 8 9 12 8 9 10
internal_value=-0.011204 0.0341892 0.020454 0.0110643 0.0547591 0.0347384 0.0674305 0.0243723 0.0322366 -0.0111523
internal_weight=111 103 63 48 40 17 23 30 17 18
internal_count=111 103 63 48 40 17 23 30 17 18
is_linear=0
shrinkage=0.03


Tree=45
num_leaves=9
num_cat=0
split_feature=14 2 8 3 12 11 26 25
split_gain=2894.36 34.4746 24.5982 13.1191 5.56858 4.96301 4.58481 3.25075
threshold=72.296000000000006 1.1490100000000003 0.5537200000000001 0.015185000000000002 0.0025850000000000001 0.00046500000000000003 45.893649180956068 790.90000000000009
decision_type=2 2 2 2 2 2 2 2
left_child=-1 7 3 4 5 -3 -7 -2
right_child=1 2 -4 -5 -6 6 -8 -9
leaf_value=-0.52348872849345196 0.062834734413892993 0.0061061679929494865 0.064246102062138641 -0.011043118394379105 0.0040003646952765327 0.017900202725082633 0.04242905952742225 0.035069556079127574
leaf_weight=7.9999999999999991 30 8.9999999999999982 9.9999999999999982 12.999999999999998 12.999999999999998 14.999999999999998 18 9.9999999999999982
leaf_count=8 30 9 10 13 13 15 18 10
internal_value=-0.00477977 0.0344779 0.0223573 0.0153336 0.0216808 0.0268981 0.0321781 0.0569547
internal_weight=126 118 78 68 55 42 33 40
internal_count=126 118 78 68 55 42 33 40
is_linear=0
shrinkage=0.03


Tree=46
num_leaves=12
num_cat=0
split_feature=5 2 1 4 11 11 30 30 36 25 19
split_gain=2795.45 29.5753 23.1505 12.811 6.37713 7.44082 4.67671 6.4971 3.93908 3.06119 2.02397
threshold=0.016740000000000005 1.1490100000000003 0.50075000000000014 0.0037050000000000004 0.0011900000000000003 0.0014550000000000001 12.672537297011129 14.484766770419087 11.57919176276731 790.90000000000009 0.077280000000000001
decision_type=2 2 2 2 2 2 2 2 2 2 2
left_child=-1 9 3 -3 8 -6 -4 -8 -5 10 -2
right_child=1 2 6 4 5 -7 7 -9 -10 -11 -12
leaf_value=-0.50977061553796132 0.073445109907199019 -0.012311486203223466 0.025865636967122546 0.014183878988027566 -0.0096333546325564345 0.027107966905832288 0.075755087549036162 0.032295074303944904 0.043201716953516003 0.037026608920097348 0.042045559227466577
leaf_weight=7.9999999999999991 21.000000000000004 10.999999999999998 8.0000000000000018 8.0000000000000018 9.0000000000000018 8.9999999999999982 10.000000000000002 7.9999999999999991 13.999999999999998 8.9999999999999982 7.9999999999999991
leaf_count=8 21 11 8 8 9 9 10 8 14 9 8
internal_value=-0.000431659 0.0390768 0.0277428 0.0154363 0.0232177 0.00911822 0.0503612 0.0592348 0.0337905 0.0607043 0.0665234
internal_weight=123 115 77 51 40 18 26 18 22 38 29
internal_count=123 115 77 51 40 18 26 18 22 38 29
is_linear=0
shrinkage=0.03


end of trees

feature_importances:
Column_9=23
Column_26=23
Column_15=22
Column_10=21
Column_16=21
Column_0=20
Column_7=20
Column_22=20
Column_25=18
Column_39=16
Column_19=14
Column_1=13
Column_2=12
Column_8=12
Column_13=11
Column_20=11
Column_11=10
Column_21=10
Column_28=10
Column_30=10
Column_5=9
Column_23=9
Column_4=8
Column_34=8
Column_35=8
Column_3=7
Column_12=7
Column_27=7
Column_36=7
Column_14=6
Column_29=6
Column_17=3
Column_18=2
Column_24=1
Column_38=1

parameters:
[boosting: gbdt]
[objective: regression]
[metric: l2]
[tree_learner: serial]
[device_type: cpu]
[data_sample_strategy: bagging]
[data: ]
[valid: ]
[num_iterations: 47]
[learning_rate: 0.03]
[num_leaves: 15]
[num_threads: 1]
[seed: 20260723]
[deterministic: 1]
[force_col_wise: 1]
[force_row_wise: 0]
[histogram_pool_size: -1]
[max_depth: -1]
[min_data_in_leaf: 8]
[min_sum_hessian_in_leaf: 0.001]
[bagging_fraction: 0.85]
[pos_bagging_fraction: 1]
[neg_bagging_fraction: 1]
[bagging_freq: 1]
[bagging_seed: 20260723]
[bagging_by_query: 0]
[feature_fraction: 0.85]
[feature_fraction_bynode: 1]
[feature_fraction_seed: 20260723]
[extra_trees: 0]
[extra_seed: 20591]
[early_stopping_round: 0]
[early_stopping_min_delta: 0]
[first_metric_only: 0]
[max_delta_step: 0]
[lambda_l1: 0.05]
[lambda_l2: 1]
[linear_lambda: 0]
[min_gain_to_split: 0.0001]
[drop_rate: 0.1]
[max_drop: 50]
[skip_drop: 0.5]
[xgboost_dart_mode: 0]
[uniform_drop: 0]
[drop_seed: 9722]
[top_rate: 0.2]
[other_rate: 0.1]
[min_data_per_group: 100]
[max_cat_threshold: 32]
[cat_l2: 10]
[cat_smooth: 10]
[max_cat_to_onehot: 4]
[top_k: 20]
[monotone_constraints: ]
[monotone_constraints_method: basic]
[monotone_penalty: 0]
[feature_contri: ]
[forcedsplits_filename: ]
[refit_decay_rate: 0.9]
[cegb_tradeoff: 1]
[cegb_penalty_split: 0]
[cegb_penalty_feature_lazy: ]
[cegb_penalty_feature_coupled: ]
[path_smooth: 0]
[interaction_constraints: ]
[verbosity: -1]
[saved_feature_importance_type: 0]
[use_quantized_grad: 0]
[num_grad_quant_bins: 4]
[quant_train_renew_leaf: 0]
[stochastic_rounding: 1]
[linear_tree: 0]
[max_bin: 127]
[max_bin_by_feature: ]
[min_data_in_bin: 3]
[bin_construct_sample_cnt: 200000]
[data_random_seed: 20260723]
[is_enable_sparse: 1]
[enable_bundle: 1]
[use_missing: 1]
[zero_as_missing: 0]
[feature_pre_filter: 1]
[pre_partition: 0]
[two_round: 0]
[header: 0]
[label_column: ]
[weight_column: ]
[group_column: ]
[ignore_column: ]
[categorical_feature: ]
[forcedbins_filename: ]
[precise_float_parser: 0]
[parser_config_file: ]
[objective_seed: 5935]
[num_class: 1]
[is_unbalance: 0]
[scale_pos_weight: 1]
[sigmoid: 1]
[boost_from_average: 1]
[reg_sqrt: 0]
[alpha: 0.9]
[fair_c: 1]
[poisson_max_delta_step: 0.7]
[tweedie_variance_power: 1.5]
[lambdarank_truncation_level: 30]
[lambdarank_norm: 1]
[label_gain: ]
[lambdarank_position_bias_regularization: 0]
[eval_at: ]
[multi_error_top_k: 1]
[auc_mu_weights: ]
[num_machines: 1]
[local_listen_port: 12400]
[time_out: 120]
[machine_list_filename: ]
[machines: ]
[gpu_platform_id: -1]
[gpu_device_id: -1]
[gpu_device_id_list: ]
[gpu_use_dp: 0]
[num_gpu: 1]

end of parameters

pandas_categorical:null
