tree
version=v4
num_class=1
num_tree_per_iteration=1
label_index=0
max_feature_idx=41
objective=regression
feature_names=Column_0 Column_1 Column_2 Column_3 Column_4 Column_5 Column_6 Column_7 Column_8 Column_9 Column_10 Column_11 Column_12 Column_13 Column_14 Column_15 Column_16 Column_17 Column_18 Column_19 Column_20 Column_21 Column_22 Column_23 Column_24 Column_25 Column_26 Column_27 Column_28 Column_29 Column_30 Column_31 Column_32 Column_33 Column_34 Column_35 Column_36 Column_37 Column_38 Column_39 Column_40 Column_41
feature_infos=[0.024969999999999978:3.2000000000000002] [0.12012:0.65407999999999999] [0.57918000000000003:2.10806] [0.0070600000000000012:0.018499999999999999] [0.00165:0.0083000000000000001] [0.01439:0.050299999999999997] none [0.0085800000000000043:0.17138999999999999] [-2.7755575615628914e-17:0.60048000000000012] [0:0.19581000000000001] [0:0.050279999999999991] [0:0.0025600000000000002] [0.00076000000000000004:0.0035699999999999998] [0.0024399999999999999:0.0083000000000000001] [55.000000000000007:165] [0.13254200000000005:3.6819156666666668] [0.066007333333333335:3.3696631666666668] [0.016715134800000031:6.2119999999999997] [0.16011:0.66847000000000001] [0.0014899999999999913:0.79629000000000016] [0:0.051189999999999999] [716.01038900000003:728.53581999999994] [578.94624945403416:887.67561891398418] [-884.62820499999998:508.25512200000003] [0:0.027639600000000004] [722.20000000000005:869.70000000000005] [23.70307017543859:137.40225520002204] [4.2242421583381908:18.691981751767429] [3.2815761894310409:35.821155568839977] [886.03261618740999:7764.1601254106854] [0:20.644992697550776] [0:1] [1:3] none [2.850894000000153:146.92269499999998] [-160.42312288876224:272.05375054596584] [0.42141557968433574:32.858983070276892] none [0:32.095715575023917] [1.1085034897756931:4.3929451825540307] none none
tree_sizes=769 801 784 890 800 895 799 894 801 888 915 899 979 792 890 890 686 886 891 802 795 804 999 906 883 792 799 909 891 906 905 991 795 884 889 905 997 882 810 908 999 992 997 999 1097 1018 884 1097 1016 1101 1082 1004 1198 1212 1097 1204 992 1190

Tree=0
num_leaves=7
num_cat=0
split_feature=23 15 0 21 0 5
split_gain=11737.6 1175.42 790.375 95.8864 71.9531 26.8924
threshold=468.91088550000006 0.19823300000000002 0.11006500000000001 720.11064000000022 0.11908000000000001 0.024905000000000004
decision_type=2 2 2 2 2 2
left_child=2 -2 3 -1 -4 -5
right_child=1 -3 4 5 -6 -7
leaf_value=94.08755525867069 94.667060480365393 94.364359537423312 93.881282684136664 94.01619519671722 93.750891192490101 93.946270072008772
leaf_weight=11.000000000000002 31 27 8.0000000000000018 8.0000000000000018 14.999999999999998 9.9999999999999982
leaf_count=11 31 27 8 8 15 10
internal_value=94.2455 94.5352 93.918 94.0219 93.7904 93.9778
internal_weight=110 58 52 29 23 18
internal_count=110 58 52 29 23 18
is_linear=0
shrinkage=1


Tree=1
num_leaves=7
num_cat=0
split_feature=0 15 16 21 13 13
split_gain=165113 9131.63 926.636 503.54 128.79 92.7269
threshold=0.13059500000000004 0.31898416666666668 0.098534750000000018 721.49692950000019 0.0061600000000000014 0.0058750000000000009
decision_type=2 2 2 2 2 2
left_child=1 2 -1 4 -3 -5
right_child=-2 3 -4 5 -6 -7
leaf_value=0.6661717112141271 -3.9533287833531694 0.14890248543620105 0.38030662559509276 -0.050367998009920097 0.0091317434040829541 -0.18362186072422909
leaf_weight=30 7.9999999999999991 9.0000000000000018 24 9.0000000000000018 14.999999999999998 11.999999999999998
leaf_count=30 8 9 24 9 15 12
internal_value=-0.0617926 0.289049 0.548373 -0.0272637 0.0654653 -0.131467
internal_weight=107 99 54 45 24 21
internal_count=107 99 54 45 24 21
is_linear=0
shrinkage=0.03


Tree=2
num_leaves=7
num_cat=0
split_feature=28 23 2 23 3 8
split_gain=158117 8530.01 1077.67 381.444 101.177 32.2875
threshold=27.714918755530281 468.91088550000006 1.0333400000000001 429.94342900000009 0.01374 0.53955500000000012
decision_type=2 2 2 2 2 2
left_child=1 3 -3 5 -5 -1
right_child=-2 2 -4 4 -6 -7
leaf_value=-0.067406197826067576 -3.881351512114207 0.64840013399431784 0.34529269480705255 0.10168583398844512 -0.0097819786509498949 -0.16067332196235656
leaf_weight=8.0000000000000018 7.9999999999999991 30 23 13.000000000000002 14.999999999999998 10.999999999999998
leaf_count=8 8 30 23 13 15 11
internal_value=-0.0716732 0.268498 0.525721 -0.0264405 0.043641 -0.126812
internal_weight=108 100 53 47 28 19
internal_count=108 100 53 47 28 19
is_linear=0
shrinkage=0.03


Tree=3
num_leaves=8
num_cat=0
split_feature=21 23 15 21 2 15 13
split_gain=46568.8 7591.79 1086.93 357.879 155.722 52.2144 49.218
threshold=725.5550290000001 468.91088550000006 0.19823300000000002 721.49692950000019 1.8029500000000003 0.60293066666666684 0.0058750000000000009
decision_type=2 2 2 2 2 2 2
left_child=1 3 -3 4 6 -5 -1
right_child=-2 2 -4 5 -6 -7 -8
leaf_value=0.16073200521469105 -1.9728286530971528 0.63430892501338842 0.3450384497983115 -0.049255075940719005 -0.040465961982806518 -0.1490179244041443 0.054160056030750268
leaf_weight=9.0000000000000053 7.9999999999999991 30 27 12.000000000000002 7.9999999999999991 8.9999999999999982 8.9999999999999982
leaf_count=9 8 30 27 12 8 9 9
internal_value=0.0993091 0.275989 0.505623 -0.00720351 0.066101 -0.0969089 0.11318
internal_weight=112 104 57 47 26 21 18
internal_count=112 104 57 47 26 21 18
is_linear=0
shrinkage=0.03


Tree=4
num_leaves=7
num_cat=0
split_feature=15 23 16 18 22 36
split_gain=151271 6931.83 1083.8 334.478 86.1485 45.035
threshold=0.60620050000000003 468.91088550000006 0.098534750000000018 0.45204500000000003 863.77150566761736 19.314800312776441
decision_type=2 2 2 2 2 2
left_child=1 3 -3 4 -1 -5
right_child=-2 2 -4 5 -6 -7
leaf_value=0.01674916426515714 -3.7715309562683106 0.62180913734436039 0.33603774057115821 -0.13257956806818641 0.13807823774591088 -0.042609379593282933
leaf_weight=10.000000000000002 7.9999999999999991 31 27 8.0000000000000018 10.999999999999998 14.999999999999998
leaf_count=10 8 31 27 8 11 15
internal_value=-0.0420506 0.28422 0.496753 -0.000717478 0.0837582 -0.0781861
internal_weight=110 102 58 44 21 23
internal_count=110 102 58 44 21 23
is_linear=0
shrinkage=0.03


Tree=5
num_leaves=8
num_cat=0
split_feature=36 15 16 0 18 34 3
split_gain=44051 6301.84 805.837 269.862 79.1711 36.1501 10.241
threshold=24.687827227215195 0.31898416666666668 0.098534750000000018 0.098715000000000011 0.45204500000000003 104.11389700000002 0.013820000000000001
decision_type=2 2 2 2 2 2 2
left_child=1 2 -1 -3 6 -6 -5
right_child=-2 3 -4 4 5 -7 -8
leaf_value=0.5993166350228446 -1.8969037993152937 0.16844288728237153 0.33423452319269592 0.064072921166817343 -0.086634517854452101 -0.0084490349017656754 0.014668983776122331
leaf_weight=34 7.9999999999999991 8.9999999999999982 22 7.9999999999999991 9.0000000000000018 11.999999999999998 7.9999999999999991
leaf_count=34 8 9 22 8 9 12 8
internal_value=0.117205 0.292072 0.502894 0.0301473 -0.00700014 -0.0444401 0.0417751
internal_weight=110 102 56 46 37 21 16
internal_count=110 102 56 46 37 21 16
is_linear=0
shrinkage=0.03


Tree=6
num_leaves=7
num_cat=0
split_feature=15 23 0 1 38 3
split_gain=144092 5962.2 711.637 162.96 58.5002 44.2447
threshold=0.6139581666666668 468.91088550000006 0.057925000000000011 0.40329000000000004 18.558291428215053 0.015185000000000002
decision_type=2 2 2 2 2 2
left_child=1 3 -3 -1 -5 -6
right_child=-2 2 -4 4 5 -7
leaf_value=0.10763532373309136 -3.6918947420914967 0.56567378173154947 0.31838453078269952 -0.070982032233705875 0.043408759730202792 -0.037034557602622295
leaf_weight=10.999999999999998 7.9999999999999991 33 23 11.999999999999998 13.000000000000002 9.9999999999999982
leaf_count=11 8 33 23 12 13 10
internal_value=-0.0520785 0.266455 0.471502 0.0120787 -0.0200673 0.0082851
internal_weight=110 102 56 46 35 23
internal_count=110 102 56 46 35 23
is_linear=0
shrinkage=0.03


Tree=7
num_leaves=8
num_cat=0
split_feature=3 23 2 20 12 1 36
split_gain=145108 4754.92 848.763 154.826 141.335 39.8472 38.8866
threshold=0.016185000000000001 468.91088550000006 1.0333400000000001 0.026670000000000003 0.0026200000000000004 0.41754000000000008 19.078670196988913
decision_type=2 2 2 2 2 2 2
left_child=1 3 -3 4 5 -1 -7
right_child=-2 2 -4 -5 -6 6 -8
leaf_value=0.01487981835007667 -3.722072384595871 0.55700902290344245 0.29473768384640031 0.13251765195528667 0.096780055999755851 -0.10927516146500901 -0.022291457869112491
leaf_weight=8.0000000000000018 7.9999999999999991 29 25 7.9999999999999991 7.9999999999999991 8.0000000000000018 10.999999999999998
leaf_count=8 8 29 25 8 8 8 11
internal_value=-0.0771139 0.258399 0.443181 0.0215142 -0.00679264 -0.0398948 -0.0626237
internal_weight=105 97 54 43 35 27 19
internal_count=105 97 54 43 35 27 19
is_linear=0
shrinkage=0.03


Tree=8
num_leaves=7
num_cat=0
split_feature=3 17 2 10 13 4
split_gain=138720 4264.6 597.795 113.224 66.9525 29.9295
threshold=0.015645000000000003 0.08612115250000002 0.84946500000000014 0.026330000000000003 0.0064300000000000008 0.0038550000000000004
decision_type=2 2 2 2 2 2
left_child=1 2 -1 4 5 -3
right_child=-2 3 -4 -5 -6 -7
leaf_value=0.53756981775837565 -3.6216153123875459 0.085916410888855613 0.31021174049377437 0.12916671273708344 -0.044488249897956841 0.014319933676719665
leaf_weight=30 7.9999999999999991 8.0000000000000018 25 8.9999999999999982 10.999999999999998 13.999999999999998
leaf_count=30 8 8 25 9 11 14
internal_value=-0.0576652 0.270209 0.441637 0.0406362 0.0133585 0.0430238
internal_weight=105 97 55 42 33 22
internal_count=105 97 55 42 33 22
is_linear=0
shrinkage=0.03


Tree=9
num_leaves=8
num_cat=0
split_feature=22 15 16 26 7 22 0
split_gain=39558.6 3721.72 557.84 205.137 86.1313 59.9371 44.4225
threshold=862.1645597157484 0.31461583333333337 0.098534750000000018 45.631299166666672 0.11152500000000003 867.14017400584271 0.11006500000000001
decision_type=2 2 2 2 2 2 2
left_child=-1 2 -2 4 6 -5 -3
right_child=1 3 -4 5 -6 -7 -8
leaf_value=-1.7998429145812989 0.53362837779521943 0.011696351473981676 0.30510331759245496 0.085473857328295683 -0.056292154630025223 0.19971906410564078 0.10510415935516357
leaf_weight=7.9999999999999991 31 10.000000000000005 22 11.000000000000002 7.9999999999999991 9.9999999999999982 7.9999999999999991
leaf_count=8 31 10 22 11 8 10 8
internal_value=0.107247 0.276139 0.446203 0.0790326 0.0210358 0.14655 0.0566367
internal_weight=108 100 53 47 26 21 18
internal_count=108 100 53 47 26 21 18
is_linear=0
shrinkage=0.03


Tree=10
num_leaves=8
num_cat=0
split_feature=35 2 16 10 13 12 14
split_gain=134599 3777.76 376.145 364.576 138.135 56.4799 5.58766
threshold=-10.962215617764796 1.2467150000000002 0.098534750000000018 0.026665000000000005 0.0063850000000000009 0.0021250000000000006 87.643500000000017
decision_type=2 2 2 2 2 2 2
left_child=1 2 -1 4 5 -3 -7
right_child=-2 3 -4 -5 -6 6 -8
leaf_value=0.51955568504333505 -3.5621047133604686 0.016099441490390078 0.29980585300221158 0.21097513040900231 -0.042609529385199914 0.075221556186676003 0.1321693188349406
leaf_weight=32 7.9999999999999991 10.000000000000002 15.999999999999998 14.999999999999998 11.999999999999998 10.000000000000002 7.9999999999999991
leaf_count=32 8 10 16 15 12 10 8
internal_value=-0.0428006 0.262152 0.45395 0.0896202 0.0400398 0.0757605 0.106235
internal_weight=111 103 48 55 40 28 18
internal_count=111 103 48 55 40 28 18
is_linear=0
shrinkage=0.03


Tree=11
num_leaves=8
num_cat=0
split_feature=18 15 16 20 36 18 15
split_gain=131224 3315.25 657.556 157.174 86.8507 81.6857 18.5548
threshold=0.57414500000000002 0.31898416666666668 0.098534750000000018 0.027585000000000002 19.314800312776441 0.45204500000000003 0.49384066666666676
decision_type=2 2 2 2 2 2 2
left_child=1 2 -1 4 5 -3 -6
right_child=-2 3 -4 -5 6 -7 -8
leaf_value=0.49835887151956559 -3.5261815318862597 0.049545059490948895 0.2693473827288701 0.16519924020767213 0.04521429949998855 -0.058997141823172568 0.11829957509040832
leaf_weight=31 7.9999999999999991 12.000000000000002 25 9.9999999999999982 7.9999999999999991 10.999999999999998 7.9999999999999991
leaf_count=31 8 12 25 10 8 11 8
internal_value=-0.0487077 0.246995 0.402667 0.0645587 0.0352311 -0.00259916 0.0866544
internal_weight=113 105 56 49 39 23 16
internal_count=113 105 56 49 39 23 16
is_linear=0
shrinkage=0.03


Tree=12
num_leaves=9
num_cat=0
split_feature=22 2 16 22 36 26 1 21
split_gain=130794 2872.78 332.78 166.524 133.689 56.8416 38.1791 17.2811
threshold=862.1645597157484 1.2823450000000001 0.098534750000000018 867.14017400584271 19.078670196988913 46.375976929824567 0.42496000000000006 722.75364250000018
decision_type=2 2 2 2 2 2 2 2
left_child=-1 2 -2 4 6 -5 -3 -6
right_child=1 3 -4 5 7 -7 -8 -9
leaf_value=-3.521827110091845 0.48640372581481933 0.031450717786947885 0.2915495500564575 0.086488255898157715 0.13515720305442805 0.21117658060247246 -0.056087041934331255 0.060525495847066235
leaf_weight=7.9999999999999991 29 7.9999999999999991 20 8.0000000000000018 9.0000000000000018 9.9999999999999982 7.9999999999999991 7.9999999999999991
leaf_count=8 29 8 20 8 9 10 8 8
internal_value=-0.0568521 0.252456 0.414323 0.091931 0.0492963 0.163307 -0.0129545 0.105433
internal_weight=108 100 49 51 33 18 16 17
internal_count=108 100 49 51 33 18 16 17
is_linear=0
shrinkage=0.03


Tree=13
num_leaves=7
num_cat=0
split_feature=14 23 16 26 38 22
split_gain=127035 2657.52 549.106 104.449 94.0334 44.5667
threshold=72.575000000000017 468.91088550000006 0.098534750000000018 44.211322314818197 18.558291428215053 867.14017400584271
decision_type=2 2 2 2 2 2
left_child=-1 3 -3 4 -2 -5
right_child=1 2 -4 5 -6 -7
leaf_value=-3.460535307566325 -0.029570409089326847 0.47424993771314616 0.26919673643441033 0.080801203393936136 0.085542463302612309 0.17678939781188965
leaf_weight=7.9999999999999991 11.000000000000002 31 28 14.000000000000002 12.999999999999998 8.9999999999999982
leaf_count=8 11 31 28 14 13 9
internal_value=-0.0376822 0.250559 0.38307 0.07967 0.03365 0.124226
internal_weight=114 106 59 47 24 23
internal_count=114 106 59 47 24 23
is_linear=0
shrinkage=0.03


Tree=14
num_leaves=8
num_cat=0
split_feature=7 15 20 39 36 18 9
split_gain=123591 1980.81 428.603 172.218 95.7044 35.1055 13.411
threshold=0.13922500000000002 0.28085016666666668 0.026670000000000003 2.0284189786789066 19.314800312776441 0.5266900000000001 0.022095000000000004
decision_type=2 2 2 2 2 2 2
left_child=1 6 3 -3 -5 -6 -1
right_child=-2 2 -4 4 5 -7 -8
leaf_value=0.46666175866127008 -3.4290486916303635 -0.034945803827047345 0.23070974655151366 0.043303825391190383 0.098734877196225229 0.20364102029800416 0.30115210876464843
leaf_weight=23 7.9999999999999991 8.9999999999999982 29 13.000000000000002 10.000000000000002 7.9999999999999991 8.9999999999999982
leaf_count=23 8 9 29 13 10 8 9
internal_value=-0.0595054 0.238376 0.144285 0.0774914 0.110253 0.153703 0.430694
internal_weight=109 101 69 40 31 18 32
internal_count=109 101 69 40 31 18 32
is_linear=0
shrinkage=0.03


Tree=15
num_leaves=8
num_cat=0
split_feature=26 2 0 29 18 7 9
split_gain=122568 2157.51 340.38 164.424 86.3982 82.5238 79.8567
threshold=35.126552719298246 1.1490100000000003 0.098715000000000011 4674.9386972156599 0.44463500000000006 0.11465500000000002 0.023570000000000004
decision_type=2 2 2 2 2 2 2
left_child=-1 6 -3 4 -4 -6 -2
right_child=1 2 3 -5 5 -7 -8
leaf_value=-3.4069327845573425 0.46350618807474769 0.21666541671752926 0.1049971523468311 0.17039790109225683 -0.043236407986054042 0.074948639313379917 0.27880222663879395
leaf_weight=7.9999999999999991 26 30 11.999999999999998 12.999999999999998 12.000000000000002 7.9999999999999991 8.9999999999999982
leaf_count=8 26 30 12 13 12 8 9
internal_value=-0.0401057 0.233228 0.139245 0.0840108 0.0447705 0.00528402 0.425116
internal_weight=118 110 75 45 32 20 35
internal_count=118 110 75 45 32 20 35
is_linear=0
shrinkage=0.03


Tree=16
num_leaves=6
num_cat=0
split_feature=5 16 22 38 4
split_gain=34307.9 1575.8 363.415 179.449 50.463
threshold=0.019150000000000004 0.098534750000000018 864.90522935193974 19.532440623676447 0.0043450000000000008
decision_type=2 2 2 2 2
left_child=-1 -2 3 -3 -4
right_child=1 2 4 -5 -6
leaf_value=-1.6774585746129353 0.42771813930164682 0.00039337661266326899 0.1619895728512814 0.16244993045113304 0.25364003388086953
leaf_weight=7.9999999999999991 32 14.000000000000002 18 9.9999999999999982 26
leaf_count=8 32 14 18 10 26
internal_value=0.0985413 0.255838 0.169905 0.071774 0.220613
internal_weight=108 100 68 24 44
internal_count=108 100 68 24 44
is_linear=0
shrinkage=0.03


Tree=17
num_leaves=8
num_cat=0
split_feature=0 8 15 10 28 21 26
split_gain=30850.7 1510.05 198.894 131.186 157.713 84.7616 86.4901
threshold=0.13059500000000004 0.12394500000000003 0.19823300000000002 0.026330000000000003 22.076943251969606 720.23689200000001 43.43133192982458
decision_type=2 2 2 2 2 2 2
left_child=1 2 -1 4 5 -3 -7
right_child=-2 3 -4 -5 -6 6 -8
leaf_value=0.41266034080242281 -1.600489557425181 0.11206617293357846 0.25260720233917233 0.19531570075539981 0.16502367051690817 -0.05894356641769407 0.06924635036786396
leaf_weight=28 7.9999999999999991 9.0000000000000018 19 15.999999999999998 14.999999999999998 9.0000000000000018 7.9999999999999991
leaf_count=28 8 9 19 16 15 9 8
internal_value=0.0861467 0.229909 0.3546 0.122727 0.0903886 0.0427572 0.00179342
internal_weight=112 104 47 57 41 26 17
internal_count=112 104 47 57 41 26 17
is_linear=0
shrinkage=0.03


Tree=18
num_leaves=8
num_cat=0
split_feature=27 15 20 16 21 9 26
split_gain=114207 1545.52 281.099 136.685 74.4135 34.6795 34.5344
threshold=12.436961637106069 0.28085016666666668 0.026670000000000003 0.28928050000000011 721.63888700000007 0.022095000000000004 41.548195921052631
decision_type=2 2 2 2 2 2 2
left_child=1 5 3 4 6 -1 -3
right_child=-2 2 -4 -5 -6 -7 -8
leaf_value=0.41719320448513686 -3.2870201633771261 0.13306027138233176 0.21686256403758608 0.18764152750968932 -0.015025094962120058 0.26221567354202269 0.050577901864051818
leaf_weight=28 7.9999999999999991 8.0000000000000053 28 8.9999999999999982 8.9999999999999982 8.9999999999999982 13.999999999999998
leaf_count=28 8 8 28 9 9 9 14
internal_value=-0.042838 0.233001 0.144556 0.0898506 0.0564363 0.387428 0.0851179
internal_weight=113 105 68 40 31 37 22
internal_count=113 105 68 40 31 37 22
is_linear=0
shrinkage=0.03


Tree=19
num_leaves=7
num_cat=0
split_feature=8 0 20 27 5 12
split_gain=29377.4 1317.45 239.937 171.416 33.8044 26.1851
threshold=0.55734500000000009 0.057925000000000011 0.023065000000000006 8.6342515498894095 0.028010000000000004 0.0019550000000000006
decision_type=2 2 2 2 2 2
left_child=1 -1 3 -3 -5 -4
right_child=-2 2 5 4 -6 -7
leaf_value=0.38572094061715262 -1.5514947905540466 -0.013190991396253755 0.26088557887077335 0.17708235077424478 0.083114696909080854 0.17537742588736793
leaf_weight=34 7.9999999999999991 10.000000000000002 10.999999999999998 10.000000000000002 9.9999999999999982 32
leaf_count=34 8 10 11 10 10 32
internal_value=0.0963356 0.232777 0.157272 0.0876473 0.136365 0.202718
internal_weight=115 107 73 30 20 43
internal_count=115 107 73 30 20 43
is_linear=0
shrinkage=0.03


Tree=20
num_leaves=7
num_cat=0
split_feature=35 16 0 14 5 26
split_gain=111665 1117.24 164.092 249.588 73.7319 33.5517
threshold=-10.962215617764796 0.098534750000000018 0.098715000000000011 82.402500000000018 0.026460000000000004 66.472736842105277
decision_type=2 2 2 2 2 2
left_child=1 -1 5 -4 -5 -3
right_child=-2 2 3 4 -6 -7
leaf_value=0.3855384975160871 -3.2587896333535511 0.22559256739616393 0.20918522728979588 0.10871249407988326 0.010212102089077234 0.12313537979125977
leaf_weight=27 7.9999999999999991 29 14.999999999999998 12.000000000000002 14.999999999999998 7.9999999999999991
leaf_count=27 8 29 15 12 15 8
internal_value=-0.0497862 0.220581 0.16007 0.114573 0.0563627 0.207303
internal_weight=114 106 79 42 27 37
internal_count=114 106 79 42 27 37
is_linear=0
shrinkage=0.03


Tree=21
num_leaves=7
num_cat=0
split_feature=0 23 4 39 4 39
split_gain=108520 844.154 168.281 27.8066 37.5074 22.9716
threshold=0.13059500000000004 475.55233900000007 0.0036800000000000005 2.8004515922100448 0.0043450000000000008 2.0856765478359391
decision_type=2 2 2 2 2 2
left_child=1 2 -1 4 -4 -6
right_child=-2 -3 3 -5 5 -7
leaf_value=0.063309718692302702 -3.2204412029584248 0.3583904680436657 0.10626965846465183 0.25773267968495689 0.2097514991218393 0.1163591717084249
leaf_weight=13.999999999999998 7.9999999999999991 30 11.999999999999998 7.9999999999999991 21.000000000000004 7.9999999999999991
leaf_count=14 8 30 12 8 21 8
internal_value=-0.0740427 0.22798 0.161227 0.187347 0.167768 0.188776
internal_weight=101 93 63 49 41 29
internal_count=101 93 63 49 41 29
is_linear=0
shrinkage=0.03


Tree=22
num_leaves=9
num_cat=0
split_feature=22 15 29 26 36 5 20 26
split_gain=112034 865.311 243.045 267.062 31.0573 29.2945 132.175 12.5319
threshold=862.1645597157484 0.19823300000000002 5486.4789170533795 41.548195921052631 18.537959098288585 0.028010000000000004 0.025170000000000001 62.512911111111123
decision_type=2 2 2 2 2 2 2 2
left_child=-1 -2 3 4 -3 -5 -7 -8
right_child=1 2 -4 5 -6 6 7 -9
leaf_value=-3.2550123821099599 0.36527380648255348 -0.0042948365608851116 0.31659827527999873 0.23980473208427427 0.076270751396814968 0.044002999703089393 0.20876424782616745 0.12624678740501402
leaf_weight=7.9999999999999991 31 7.9999999999999991 8.9999999999999982 10.999999999999998 7.9999999999999991 7.9999999999999991 20.000000000000004 8.9999999999999982
leaf_count=8 31 8 9 11 8 8 20 9
internal_value=-0.0430388 0.232669 0.172162 0.147269 0.0380167 0.182137 0.159093 0.188267
internal_weight=112 104 73 64 16 48 37 29
internal_count=112 104 73 64 16 48 37 29
is_linear=0
shrinkage=0.03


Tree=23
num_leaves=8
num_cat=0
split_feature=8 15 4 13 11 26 2
split_gain=108923 687.779 164.08 100.448 62.2727 11.2979 3.05846
threshold=0.55734500000000009 0.19823300000000002 0.0036800000000000005 0.0057350000000000014 0.0012650000000000003 38.42232947368732 1.2823450000000001
decision_type=2 2 2 2 2 2 2
left_child=1 -1 -3 4 6 -5 -4
right_child=-2 2 3 5 -6 -7 -8
leaf_value=0.35254154891967771 -3.2129924633502962 0.079158905133605004 0.20096740068708141 0.3174468682607014 0.073654287497202556 0.19619360256195068 0.13295152056217194
leaf_weight=29 7.9999999999999991 14.999999999999998 20.000000000000004 8.0000000000000018 7.9999999999999991 10.999999999999998 10.999999999999998
leaf_count=29 8 15 20 8 8 11 11
internal_value=-0.0484115 0.228561 0.175189 0.198237 0.162041 0.260642 0.181789
internal_weight=110 102 73 58 39 19 31
internal_count=110 102 73 58 39 19 31
is_linear=0
shrinkage=0.03


Tree=24
num_leaves=8
num_cat=0
split_feature=36 16 1 21 2 26 26
split_gain=106055 730.326 232.694 254.938 90.8759 29.5357 32.474
threshold=24.687827227215195 0.098534750000000018 0.50149500000000014 721.49692950000019 1.8029500000000003 66.472736842105277 45.631299166666672
decision_type=2 2 2 2 2 2 2
left_child=1 -1 3 4 5 6 -3
right_child=-2 2 -4 -5 -6 -7 -8
leaf_value=0.35045911576670985 -3.1689169806639352 0.14083238687515259 0.28582424988065441 -0.0055742376208305355 0.062916460673014318 0.10669604682922364 0.228153680823066
leaf_weight=30 7.9999999999999991 13.999999999999998 12.999999999999998 8.9999999999999982 7.9999999999999991 7.9999999999999991 21
leaf_count=30 8 14 13 9 8 8 21
internal_value=-0.0450388 0.225715 0.170388 0.141076 0.166594 0.18398 0.198149
internal_weight=111 103 73 60 51 43 35
internal_count=111 103 73 60 51 43 35
is_linear=0
shrinkage=0.03


Tree=25
num_leaves=7
num_cat=0
split_feature=22 16 18 9 27 8
split_gain=104843 582.068 457.756 175.7 204.521 5.39295
threshold=862.1645597157484 0.098534750000000018 0.5266900000000001 0.067345000000000016 8.6342515498894095 0.10087500000000003
decision_type=2 2 2 2 2 2
left_child=-1 -2 3 5 -5 -3
right_child=1 2 -4 4 -6 -7
leaf_value=-3.1537992078463235 0.33058602740547871 0.20283215465545654 0.32045738472938534 -0.048156702554225897 0.12856199660301207 0.13899543240195827
leaf_weight=7.9999999999999991 32 13.999999999999998 13.999999999999998 9.0000000000000018 13.999999999999998 18
leaf_count=8 32 14 14 9 14 18
internal_value=-0.0502885 0.224029 0.170573 0.127353 0.0602235 0.17227
internal_weight=109 101 69 55 23 32
internal_count=109 101 69 55 23 32
is_linear=0
shrinkage=0.03


Tree=26
num_leaves=7
num_cat=0
split_feature=15 4 24 38 19 10
split_gain=98663.7 515.379 197.783 151.882 200.47 64.5335
threshold=0.6139581666666668 0.0048700000000000002 0.0036060999999999997 20.576819347058642 0.36578000000000005 0.020065000000000003
decision_type=2 2 2 2 2 2
left_child=1 3 -3 4 -1 -6
right_child=-2 2 -4 -5 5 -7
leaf_value=0.17950843042373654 -3.0633610548973085 0.33429499990289857 0.16636865604840792 0.25561924162777988 0.089282852053642253 -0.015683237155278522
leaf_weight=24 7.9999999999999991 32 11.999999999999998 9.9999999999999982 13.000000000000002 7.9999999999999991
leaf_count=24 8 32 12 10 13 8
internal_value=-0.055198 0.216074 0.293245 0.150176 0.121664 0.0503323
internal_weight=107 99 44 55 45 21
internal_count=107 99 44 55 45 21
is_linear=0
shrinkage=0.03


Tree=27
num_leaves=8
num_cat=0
split_feature=35 16 21 4 26 13 17
split_gain=98544 459.401 322.831 214.501 69.5998 84.5039 55.5542
threshold=-13.515438402226605 0.098534750000000018 724.86607250000009 0.0036800000000000005 64.57623263704248 0.0061600000000000014 0.089198538100000016
decision_type=2 2 2 2 2 2 2
left_child=1 -1 3 -3 5 6 -5
right_child=-2 2 -4 4 -6 -7 -8
leaf_value=0.31969431567192075 -3.0538501213391624 0.041595001839101309 0.32906883378462359 0.18324027411142979 0.080857171058654781 0.26978185582160952 0.073123881459236151
leaf_weight=31 7.9999999999999991 14.999999999999998 9.9999999999999982 17.000000000000004 7.9999999999999991 10.999999999999998 7.9999999999999991
leaf_count=31 8 15 10 17 8 11 8
internal_value=-0.0462121 0.222238 0.17449 0.143218 0.176134 0.194509 0.152228
internal_weight=108 100 69 59 44 36 25
internal_count=108 100 69 59 44 36 25
is_linear=0
shrinkage=0.03


Tree=28
num_leaves=8
num_cat=0
split_feature=7 4 16 8 29 24 1
split_gain=98559.5 451.687 535.38 221.752 248.014 194.085 15.817
threshold=0.13922500000000002 0.0048700000000000002 0.28928050000000011 0.25948000000000004 4470.6576039649672 0.011769000000000002 0.41754000000000008
decision_type=2 2 2 2 2 2 2
left_child=1 2 3 -1 6 -3 -5
right_child=-2 5 -4 4 -6 -7 -8
leaf_value=0.17560457847668573 -3.0420031863848367 0.31490866827964781 0.358881711101532 0.0050085904598236039 0.15878366056355561 0.16374310293197633 -0.052245320022106169
leaf_weight=25 7.9999999999999991 41 8.9999999999999982 8.0000000000000053 9.9999999999999982 13.999999999999998 7.9999999999999991
leaf_count=25 8 41 9 8 10 14 8
internal_value=-0.0178403 0.216934 0.155394 0.113244 0.0489441 0.280068 -0.0249194
internal_weight=123 115 60 51 26 55 16
internal_count=123 115 60 51 26 55 16
is_linear=0
shrinkage=0.03


Tree=29
num_leaves=8
num_cat=0
split_feature=17 2 7 4 13 15 15
split_gain=300.542 427.048 136.157 251.037 158.998 54.7348 31.6227
threshold=0.24682184725000003 0.82917500000000011 0.12230000000000002 0.0043450000000000008 0.0058750000000000009 0.49384066666666676 0.32522466666666666
decision_type=2 2 2 2 2 2 2
left_child=1 -1 3 4 -3 6 -5
right_child=-2 2 -4 5 -6 -7 -8
leaf_value=0.31508057251843535 0.3748591640645807 0.11528940923397354 0.2518929634231788 0.16882252120971675 -0.044950989997386927 0.25240462449789047 0.080944476167360932
leaf_weight=21 9.9999999999999982 12.000000000000002 11.999999999999998 23.000000000000004 8.9999999999999982 8.9999999999999982 7.9999999999999991
leaf_count=21 10 12 12 23 9 9 8
internal_value=0.216104 0.195431 0.157198 0.134783 0.0476251 0.178227 0.149429
internal_weight=104 94 73 61 21 40 31
internal_count=104 94 73 61 21 40 31
is_linear=0
shrinkage=0.03


Tree=30
num_leaves=8
num_cat=0
split_feature=26 15 36 26 22 12 7
split_gain=21932.2 341.409 346.327 106.318 111.464 16.6455 32.7542
threshold=35.126552719298246 0.19418566666666667 19.314800312776441 43.43133192982458 863.92696367480653 0.0023650000000000003 0.095945000000000016
decision_type=2 2 2 2 2 2 2
left_child=-1 -2 3 4 -3 6 -5
right_child=1 2 -4 5 -6 -7 -8
leaf_value=-1.3430061847368875 0.28958837099075313 0.12894316299756367 0.29507520421743388 0.13689096862077713 -0.022457860946655271 0.10663289370536805 0.23035042667388916
leaf_weight=7.9999999999999991 29 7.9999999999999991 13.999999999999998 23.000000000000004 7.9999999999999991 13.999999999999998 7.9999999999999991
leaf_count=8 29 8 14 23 8 14 8
internal_value=0.0791825 0.200345 0.162461 0.127732 0.0562863 0.151327 0.167501
internal_weight=112 104 75 61 16 45 31
internal_count=112 104 75 61 16 45 31
is_linear=0
shrinkage=0.03


Tree=31
num_leaves=9
num_cat=0
split_feature=27 4 16 19 27 10 24 24
split_gain=93979.4 332.738 223.308 343.565 146.005 110.726 26.104 18.5873
threshold=12.436961637106069 0.0048700000000000002 0.28928050000000011 0.36578000000000005 9.9848893520670092 0.033180000000000008 0.0070090999999999981 0.0151804
decision_type=2 2 2 2 2 2 2 2
left_child=1 2 3 6 -5 -3 -1 -8
right_child=-2 5 -4 4 -6 -7 7 -9
leaf_value=0.22910303526658271 -2.991475439210733 0.28382372381687165 0.29007781092325846 -0.036765118516981589 0.11841967631379763 0.13944618043899537 0.088560512701670285 0.17608406696319581
leaf_weight=12.000000000000002 7.9999999999999991 39 7.9999999999999991 13.000000000000002 7.9999999999999991 8.9999999999999982 8.0000000000000018 8.9999999999999982
leaf_count=12 8 39 8 13 8 9 8 9
internal_value=-0.0475555 0.200494 0.1475 0.119417 0.0249802 0.260182 0.184641 0.142188
internal_weight=114 106 58 50 21 48 29 17
internal_count=114 106 58 50 21 48 29 17
is_linear=0
shrinkage=0.03


Tree=32
num_leaves=7
num_cat=0
split_feature=38 29 10 10 22 0
split_gain=23529.5 438.684 289.925 169.486 63.1394 136.879
threshold=4.8051673908123167 4853.6598691952904 0.020065000000000003 0.026330000000000003 868.59660349624426 0.10821000000000001
decision_type=2 2 2 2 2 2
left_child=-1 2 4 -4 5 -2
right_child=1 -3 3 -5 -6 -7
leaf_value=-1.3941701052983599 0.062327544728914872 0.35832784733176226 -0.0028202815711498258 0.14573401557165999 0.26552337508731416 0.23346007454395296
leaf_weight=7.9999999999999991 8.0000000000000018 14.999999999999998 8.9999999999999982 28 26 10.999999999999998
leaf_count=8 8 15 9 28 26 11
internal_value=0.0747019 0.208851 0.177502 0.110436 0.229013 0.168198
internal_weight=105 97 82 37 45 19
internal_count=105 97 82 37 45 19
is_linear=0
shrinkage=0.03


Tree=33
num_leaves=8
num_cat=0
split_feature=38 14 17 2 39 3 26
split_gain=23641.8 489.571 330.407 95.921 68.3294 51.8934 4.58831
threshold=4.8051673908123167 82.402500000000018 0.034074058950000007 1.8134250000000003 2.2235757207502913 0.012530000000000001 44.211322314818197
decision_type=2 2 2 2 2 2 2
left_child=-1 -2 -3 4 5 -4 -6
right_child=1 2 3 -5 6 -7 -8
leaf_value=-1.398965624809265 0.35825749052272121 0.27025414013862609 0.13037313778059825 0.042018289239569143 0.058083659487466015 0.22402359952926634 0.10932099405924479
leaf_weight=7.9999999999999991 15.999999999999998 23 20 9.9999999999999982 7.9999999999999991 13.999999999999998 7.9999999999999991
leaf_count=8 16 23 20 10 8 14 8
internal_value=0.0746326 0.206525 0.173341 0.132345 0.149203 0.174277 0.0887142
internal_weight=107 99 83 60 50 34 16
internal_count=107 99 83 60 50 34 16
is_linear=0
shrinkage=0.03


Tree=34
num_leaves=8
num_cat=0
split_feature=7 2 14 12 30 4 26
split_gain=90224.3 373.56 469.413 132.847 64.6873 48.9348 79.1183
threshold=0.13922500000000002 0.84946500000000014 82.402500000000018 0.0024600000000000004 15.631371636577088 0.0043450000000000008 49.56220235588976
decision_type=2 2 2 2 2 2 2
left_child=1 -1 -3 5 -5 6 -4
right_child=-2 2 3 4 -6 -7 -8
leaf_value=0.28591532216753274 -2.9452281227111818 0.30260359277725213 0.026347576698660839 -0.0065052691260352718 0.10127961778640747 0.17263728052636848 0.15278644273281097
leaf_weight=27 7.9999999999999991 13.999999999999998 9.0000000000000018 11.000000000000002 7.9999999999999991 22 8.9999999999999982
leaf_count=27 8 14 9 11 8 22 9
internal_value=-0.0675176 0.189566 0.150527 0.109974 0.0415977 0.14061 0.09436
internal_weight=108 100 73 59 19 40 18
internal_count=108 100 73 59 19 40 18
is_linear=0
shrinkage=0.03


Tree=35
num_leaves=8
num_cat=0
split_feature=7 18 16 4 16 0 26
split_gain=90325.2 461.159 611.773 159.407 87.119 123.499 14.4966
threshold=0.12757500000000002 0.5266900000000001 0.11721258333333333 0.0036800000000000005 0.24082916666666668 0.098715000000000011 62.512911111111123
decision_type=2 2 2 2 2 2 2
left_child=1 2 -1 -4 5 6 -5
right_child=-2 -3 3 4 -6 -7 -8
leaf_value=0.27186493219028818 -2.9426873443362611 0.37001303909375111 -0.010336205399036407 0.15037832649548846 0.20478677649931473 0.0023208044528961178 0.079517525275548298
leaf_weight=32 7.9999999999999991 11.999999999999998 8.9999999999999982 17.000000000000004 9.9999999999999982 8.9999999999999982 7.9999999999999991
leaf_count=32 8 12 9 17 10 9 8
internal_value=-0.0669812 0.197782 0.16943 0.103666 0.12673 0.0985336 0.131691
internal_weight=105 97 85 53 44 34 25
internal_count=105 97 85 53 44 34 25
is_linear=0
shrinkage=0.03


Tree=36
num_leaves=9
num_cat=0
split_feature=35 1 2 7 1 39 26 4
split_gain=87065.1 357.229 422.257 250.961 138.987 127.128 28.7207 19.7349
threshold=-10.962215617764796 0.5103700000000001 0.84946500000000014 0.11465500000000002 0.39324500000000001 2.2996565507941717 62.512911111111123 0.004915000000000001
decision_type=2 2 2 2 2 2 2 2
left_child=1 2 -1 4 6 -6 7 -4
right_child=-2 -3 3 -5 5 -7 -8 -9
leaf_value=0.26167264911532401 -2.8806296529769897 0.3501280619364518 0.10644559314250943 0.2613905806303024 -0.062662251234054528 0.092978908890299486 0.068457366800308228 0.18422515856135976
leaf_weight=31 7.9999999999999991 11.999999999999998 14.000000000000002 8.9999999999999982 8.0000000000000018 8.9999999999999982 8.9999999999999982 9.9999999999999982
leaf_count=31 8 12 14 9 8 9 9 10
internal_value=-0.0513875 0.196312 0.172165 0.121533 0.0916973 0.0202405 0.126786 0.144986
internal_weight=110 102 90 59 50 17 33 24
internal_count=110 102 90 59 50 17 33 24
is_linear=0
shrinkage=0.03


Tree=37
num_leaves=8
num_cat=0
split_feature=35 7 23 0 15 35 24
split_gain=87764.2 357.744 363.364 330.343 159.394 153.261 4.16672
threshold=-13.515438402226605 0.12757500000000002 475.55233900000007 0.10821000000000001 0.32522466666666666 -35.522892729392645 0.0151804
decision_type=2 2 2 2 2 2 2
left_child=1 2 3 4 6 -5 -1
right_child=-2 -3 -4 5 -6 -7 -8
leaf_value=0.074949108600616418 -2.8999119860331217 0.38064357503255208 0.25745447892527423 0.28928704966031582 -0.0093777368307113654 0.1135318642096086 0.12732650203453866
leaf_weight=8.0000000000000018 7.9999999999999991 7.9999999999999991 30 12.000000000000002 13.999999999999998 9.9999999999999982 18
leaf_count=8 8 8 30 12 14 10 18
internal_value=-0.0616712 0.191837 0.171487 0.126439 0.0720263 0.217873 0.114639
internal_weight=108 100 92 62 40 22 26
internal_count=108 100 92 62 40 22 26
is_linear=0
shrinkage=0.03


Tree=38
num_leaves=7
num_cat=0
split_feature=0 25 4 10 30 8
split_gain=20634.7 714.474 362.394 259.43 103.162 23.4478
threshold=0.13059500000000004 851.45000000000016 0.0036800000000000005 0.021445000000000002 14.388956932662776 0.12394500000000003
decision_type=2 2 2 2 2 2
left_child=1 2 -1 4 -4 -5
right_child=-2 -3 3 5 -6 -7
leaf_value=0.036333563536405558 -1.2945134125550586 0.43810576967759562 0.26607065852880474 0.15411065330505366 0.12213927650451661 0.08584891545027494
leaf_weight=14.999999999999998 7.9999999999999991 9.9999999999999982 39 14.000000000000002 7.9999999999999991 14.999999999999998
leaf_count=15 8 10 39 14 8 15
internal_value=0.0834837 0.204268 0.174072 0.200413 0.244658 0.122891
internal_weight=109 101 91 76 47 29
internal_count=109 101 91 76 47 29
is_linear=0
shrinkage=0.03


Tree=39
num_leaves=8
num_cat=0
split_feature=3 13 4 5 15 8 26
split_gain=86909.2 612.723 297.406 181.459 187.345 39.8852 17.3059
threshold=0.016185000000000001 0.0069550000000000011 0.0036800000000000005 0.028010000000000004 0.19418566666666667 0.25948000000000004 62.512911111111123
decision_type=2 2 2 2 2 2 2
left_child=1 2 -1 -4 -5 6 -6
right_child=-2 -3 3 4 5 -7 -8
leaf_value=0.018033526271581647 -2.8892761952082315 0.43433902168273925 0.28358474975824355 0.22993306340341982 0.14681214319169519 0.051205296313762659 0.076087363799413041
leaf_weight=10.999999999999998 7.9999999999999991 7.9999999999999991 14.999999999999998 22 23.000000000000004 8.9999999999999982 7.9999999999999991
leaf_count=11 8 8 15 22 23 9 8
internal_value=-0.0697275 0.192584 0.165956 0.186566 0.158941 0.115203 0.131556
internal_weight=104 96 88 77 62 40 31
internal_count=104 96 88 77 62 40 31
is_linear=0
shrinkage=0.03


Tree=40
num_leaves=9
num_cat=0
split_feature=39 35 30 30 20 0 9 21
split_gain=20721.4 1101.69 301.52 168.696 131.638 96.0667 184.956 33.9099
threshold=3.1039931071203508 -13.515438402226605 13.375532400819864 15.631371636577088 0.027585000000000002 0.11006500000000001 0.026180000000000002 720.11064000000022
decision_type=2 2 2 2 2 2 2 2
left_child=1 2 4 -4 5 6 -1 -5
right_child=-2 -3 3 7 -6 -7 -8 -9
leaf_value=0.23242914457321165 -1.3007522744337718 0.48742649823969053 0.00016857394117575424 0.10112701209386188 0.1003297905921936 0.33034221038818362 0.060281141440073641 0.19131213967005412
leaf_weight=29 7.9999999999999991 9.9999999999999982 11.999999999999998 17.000000000000004 10.999999999999998 8.9999999999999982 7.9999999999999991 7.9999999999999991
leaf_count=29 8 10 12 17 11 9 8 8
internal_value=0.0816902 0.199422 0.163959 0.0933497 0.207367 0.230252 0.197813 0.136292
internal_weight=112 104 94 37 57 46 37 25
internal_count=112 104 94 37 57 46 37 25
is_linear=0
shrinkage=0.03


Tree=41
num_leaves=9
num_cat=0
split_feature=26 29 24 0 11 24 5 27
split_gain=83006.9 415.586 245.425 249.003 275.18 76.9543 34.1515 7.60971
threshold=35.126552719298246 4674.9386972156599 0.0028331000000000003 0.10333500000000001 0.0016450000000000002 0.0151804 0.038990000000000004 6.2640425852547992
decision_type=2 2 2 2 2 2 2 2
left_child=-1 2 3 6 -5 -4 7 -2
right_child=1 -3 5 4 -6 -7 -8 -9
leaf_value=-2.8177491099039713 0.22667660327391187 0.37486035332679751 0.036768018925189966 0.018546211276735572 0.23607411766052244 0.13048673541979358 0.16145869653875178 0.33625636164347328
leaf_weight=7.9999999999999991 21.000000000000004 8.9999999999999982 13.999999999999998 13.000000000000002 7.9999999999999991 21 9.9999999999999982 7.9999999999999991
leaf_count=8 21 9 14 13 8 21 10 8
internal_value=-0.0531271 0.184332 0.16255 0.199665 0.108446 0.0951036 0.244806 0.267156
internal_weight=112 104 95 60 21 35 39 29
internal_count=112 104 95 60 21 35 39 29
is_linear=0
shrinkage=0.03


Tree=42
num_leaves=9
num_cat=0
split_feature=39 14 27 7 26 10 26 5
split_gain=19207.9 993.696 151.109 140.036 164.902 89.9682 87.9188 23.5376
threshold=3.1039931071203508 82.402500000000018 6.4813335224068389 0.12230000000000002 43.43133192982458 0.026665000000000005 58.615650190058481 0.038990000000000004
decision_type=2 2 2 2 2 2 2 2
left_child=1 -1 5 4 -4 7 -6 -3
right_child=-2 2 3 -5 6 -7 -8 -9
leaf_value=0.44099990911143161 -1.2433942475318909 0.25679185954384176 -0.017235586133870214 0.2178162458896637 0.17124098827838893 0.12290862288475037 0.045576221859455104 0.15717993398146196
leaf_weight=12.999999999999998 7.9999999999999991 22 9.9999999999999982 8.9999999999999982 14.000000000000002 13.999999999999998 8.9999999999999982 9.9999999999999982
leaf_count=13 8 22 10 9 14 14 9 10
internal_value=0.0861929 0.202679 0.162896 0.116615 0.083376 0.201741 0.126078 0.231415
internal_weight=109 101 88 42 33 46 23 32
internal_count=109 101 88 42 33 46 23 32
is_linear=0
shrinkage=0.03


Tree=43
num_leaves=9
num_cat=0
split_feature=38 29 24 3 10 27 30 16
split_gain=86568 1226.39 165.342 117.068 80.436 20.1485 12.2809 0.885305
threshold=4.8051673908123167 4674.9386972156599 0.0028331000000000003 0.013820000000000001 0.031145000000000003 11.030804708226515 13.141893782861102 0.15001625000000005
decision_type=2 2 2 2 2 2 2 2
left_child=-1 2 3 6 -4 -3 -2 -6
right_child=1 5 4 -5 7 -7 -8 -9
leaf_value=-2.8654101028442382 0.23040861813227331 0.31077667225324179 0.016392790301279585 0.098692539358139042 0.13630034169341834 0.48743832263946529 0.13929565085967383 0.083697316487630208
leaf_weight=7.9999999999999991 26 12.000000000000002 10.000000000000002 13.999999999999998 13.000000000000002 8.9999999999999982 7.9999999999999991 7.9999999999999991
leaf_count=8 26 12 10 14 13 9 8 8
internal_value=-0.0464709 0.205167 0.147555 0.182818 0.0889 0.405272 0.213606 0.121045
internal_weight=108 100 79 48 31 21 34 21
internal_count=108 100 79 48 31 21 34 21
is_linear=0
shrinkage=0.03


Tree=44
num_leaves=10
num_cat=0
split_feature=18 29 35 5 0 10 15 27 26
split_gain=79778.2 821.118 344.833 453.404 219.302 19.7917 17.5656 17.1818 12.6594
threshold=0.57414500000000002 4674.9386972156599 -98.985447086182134 0.026460000000000004 0.098715000000000011 0.023880000000000002 0.31461583333333337 10.695559084390108 58.615650190058481
decision_type=2 2 2 2 2 2 2 2 2
left_child=1 2 -1 -4 5 -5 8 -3 -7
right_child=-2 7 3 4 -6 6 -8 -9 -10
leaf_value=0.25526974848747253 -2.7461325826644898 0.27612830642859143 0.27728835241611183 0.1636341824531555 -0.019667598478496074 0.13601949709653846 0.048881529559691744 0.46615188503265376 0.068090534374117842
leaf_weight=24 7.9999999999999991 7.9999999999999991 11.999999999999998 7.9999999999999991 14.999999999999998 11.000000000000005 7.9999999999999991 7.9999999999999991 7.9999999999999991
leaf_count=24 8 8 12 8 15 11 8 8 8
internal_value=-0.0377898 0.199214 0.159029 0.11829 0.0754119 0.115616 0.0959994 0.39306 0.112327
internal_weight=110 102 86 62 50 35 27 16 19
internal_count=110 102 86 62 50 35 27 16 19
is_linear=0
shrinkage=0.03


Tree=45
num_leaves=9
num_cat=0
split_feature=18 14 2 12 28 19 2 35
split_gain=74796.9 917.7 244.098 112.598 108.623 102.047 79.9069 25.1851
threshold=0.57414500000000002 82.402500000000018 0.84946500000000014 0.0023650000000000003 18.583228027943782 0.44278000000000006 1.2823450000000001 -98.985447086182134
decision_type=2 2 2 2 2 2 2 2
left_child=1 -1 7 4 6 -5 -4 -3
right_child=-2 2 3 5 -6 -7 -8 -9
leaf_value=0.39033817461132997 -2.6729024480183918 0.24453396828969309 0.12461607666499912 0.092082598888874032 0.19968504586219787 -0.036980504234631853 0.0092237631877263391 0.14162180600166321
leaf_weight=14.999999999999998 7.9999999999999991 17.000000000000004 17.000000000000004 14.000000000000002 13.999999999999998 7.9999999999999991 7.9999999999999991 8.9999999999999982
leaf_count=15 8 17 17 14 14 8 8 9
internal_value=-0.0505774 0.179034 0.138564 0.102787 0.133109 0.045518 0.0895232 0.215531
internal_weight=110 102 87 61 39 22 25 26
internal_count=110 102 87 61 39 22 25 26
is_linear=0
shrinkage=0.03


Tree=46
num_leaves=8
num_cat=0
split_feature=22 18 35 25 9 21 2
split_gain=83978.2 1196.71 232.831 298.725 125.689 18.5969 26.9136
threshold=862.1645597157484 0.5266900000000001 -98.985447086182134 851.45000000000016 0.090235000000000024 719.29606350000006 1.2467150000000002
decision_type=2 2 2 2 2 2 2
left_child=-1 2 -2 4 5 6 -4
right_child=1 -3 3 -5 -6 -7 -8
leaf_value=-2.8166494781176246 0.24136017405986784 0.4409634099253727 0.12021183278010439 0.28686462227503456 0.016096482062339781 0.14878416474241959 0.041867599998911216
leaf_weight=7.9999999999999991 23 15.999999999999998 12.000000000000002 7.9999999999999991 13.999999999999998 18 7.9999999999999991
leaf_count=8 23 16 12 8 14 18 8
internal_value=-0.0413022 0.208877 0.159403 0.12452 0.0945737 0.122294 0.0924315
internal_weight=107 99 83 60 52 38 20
internal_count=107 99 83 60 52 38 20
is_linear=0
shrinkage=0.03


Tree=47
num_leaves=10
num_cat=0
split_feature=21 38 10 10 4 0 9 38 1
split_gain=74706.7 1070.73 360.51 125.801 99.3316 43.2921 23.4181 10.2672 0.201929
threshold=725.5550290000001 20.576819347058642 0.020065000000000003 0.026330000000000003 0.0038550000000000004 0.043465000000000004 0.039450000000000006 8.8921790553179907 0.31475000000000003
decision_type=2 2 2 2 2 2 2 2 2
left_child=1 2 4 -4 -1 7 8 -6 -5
right_child=-2 -3 3 6 5 -7 -8 -9 -10
leaf_value=0.10230126657811078 -2.6563170208930971 0.45162171848003679 -0.024293651223182677 0.063633099137017313 0.20937283301353454 0.28897476515403164 0.15396316035588584 0.12919367537498475 0.099532763004302985
leaf_weight=9.9999999999999982 7.9999999999999991 11.999999999999998 7.9999999999999991 12.000000000000005 23 11.999999999999998 7.9999999999999991 8.9999999999999982 7.9999999999999991
leaf_count=10 8 12 8 12 23 12 8 9 8
internal_value=-0.0354626 0.193874 0.154906 0.07815 0.203698 0.223923 0.1073 0.191466 0.0821202
internal_weight=110 102 90 36 54 44 28 32 20
internal_count=110 102 90 36 54 44 28 32 20
is_linear=0
shrinkage=0.03


Tree=48
num_leaves=9
num_cat=0
split_feature=3 1 7 1 10 21 21 13
split_gain=77786.9 1171.55 279.065 315.566 167.729 113.066 20.1472 6.73363
threshold=0.015645000000000003 0.49900500000000009 0.11465500000000002 0.39324500000000001 0.023880000000000002 719.29606350000006 720.47741600000006 0.0046950000000000004
decision_type=2 2 2 2 2 2 2 2
left_child=1 2 3 4 5 -1 -7 -6
right_child=-2 -3 -4 -5 7 6 -8 -9
leaf_value=0.099469818397001794 -2.733852025508881 0.51723586543401079 0.30477361079156401 -0.0053655267655849459 0.11275353353364125 0.26544783008799827 0.15864178118705749 0.066914005201309912
leaf_weight=9.9999999999999982 7.9999999999999991 7.9999999999999991 8.9999999999999982 12.999999999999998 13.000000000000002 16.000000000000004 8.9999999999999982 12.999999999999998
leaf_count=10 8 8 9 13 13 16 9 13
internal_value=-0.0725938 0.188519 0.151038 0.128506 0.156686 0.199894 0.234636 0.0932165
internal_weight=99 91 83 74 61 35 25 26
internal_count=99 91 83 74 61 35 25 26
is_linear=0
shrinkage=0.03


Tree=49
num_leaves=10
num_cat=0
split_feature=7 3 10 3 13 20 9 2 26
split_gain=70660.2 1101.98 271.589 251.262 99.1579 57.1243 28.9448 22.145 7.39513
threshold=0.13922500000000002 0.015395000000000001 0.020065000000000003 0.013820000000000001 0.0050550000000000013 0.026670000000000003 0.042310000000000007 0.82018000000000002 59.971518011116132
decision_type=2 2 2 2 2 2 2 2 2
left_child=1 2 3 4 7 -4 8 -1 -7
right_child=-2 -3 5 -5 -6 6 -8 -9 -10
leaf_value=0.20097285854816435 -2.5882545572916666 0.42689093562534874 0.019114845858170432 0.053394959659530561 0.29991949129104617 0.090488124998716155 0.148488201936086 0.1221233488550553 0.044298493659496306
leaf_weight=21 7.9999999999999991 12.999999999999998 11.999999999999998 11.999999999999998 10.999999999999998 12.000000000000005 7.9999999999999991 11.999999999999998 8.9999999999999982
leaf_count=21 8 13 12 12 11 12 8 12 9
internal_value=-0.0319153 0.175629 0.137927 0.180819 0.213579 0.076398 0.0986241 0.17678 0.0736741
internal_weight=118 110 97 56 44 41 29 33 21
internal_count=118 110 97 56 44 41 29 33 21
is_linear=0
shrinkage=0.03


Tree=50
num_leaves=10
num_cat=0
split_feature=22 1 2 24 10 36 8 4 29
split_gain=77659.6 1756.87 299.722 278.477 143.647 147.757 18.9498 19.0931 4.88351
threshold=862.1645597157484 0.49900500000000009 1.8134250000000003 0.0028331000000000003 0.010780000000000001 8.993857291070622 0.090910000000000019 0.0047150000000000013 1492.6689539203333
decision_type=2 2 2 2 2 2 2 2 2
left_child=-1 2 3 4 5 8 -5 -8 -2
right_child=1 -3 -4 6 -6 -7 7 -9 -10
leaf_value=-2.7065200080871583 0.25970440063476552 0.45749625033767599 -0.034959610864520069 0.12264850366115571 0.32240003887812296 0.079079531850559368 0.024995003283023825 0.085270180101195969 0.17072764749079944
leaf_weight=7.9999999999999991 9.0000000000000018 18 7.9999999999999991 10.999999999999998 7.9999999999999991 12.999999999999998 8.0000000000000018 17 14.999999999999998
leaf_count=8 9 18 8 11 8 13 8 17 15
internal_value=-0.0293223 0.194035 0.136243 0.15339 0.203085 0.169442 0.0874216 0.067743 0.213207
internal_weight=115 107 89 81 45 37 36 25 24
internal_count=115 107 89 81 45 37 36 25 24
is_linear=0
shrinkage=0.03


Tree=51
num_leaves=9
num_cat=0
split_feature=5 16 2 26 13 12 25 5
split_gain=16258.4 1381.12 263.492 165.981 131.962 60.2961 44.4935 13.1717
threshold=0.020270000000000003 0.24082916666666668 0.84946500000000014 38.42232947368732 0.0057350000000000014 0.0020950000000000001 791.15000000000009 0.034995000000000005
decision_type=2 2 2 2 2 2 2 2
left_child=-1 2 6 -3 5 -4 -2 -7
right_child=1 3 4 -5 -6 7 -8 -9
leaf_value=-1.0832015287041663 0.20561103753089902 0.48873414958607048 0.1454334765947782 0.27516043725013728 -0.038595614025990162 0.088538467923800102 0.10046911938985188 0.036391802692413322
leaf_weight=8.9999999999999982 24 10.000000000000002 11.999999999999998 13.999999999999998 7.9999999999999991 8.0000000000000018 7.9999999999999991 13.999999999999998
leaf_count=9 24 10 12 14 8 8 8 14
internal_value=0.0704441 0.186278 0.119133 0.380199 0.0671511 0.0924674 0.183212 0.0584445
internal_weight=107 98 74 24 42 34 32 22
internal_count=107 98 74 24 42 34 32 22
is_linear=0
shrinkage=0.03


Tree=52
num_leaves=11
num_cat=0
split_feature=38 14 7 4 28 8 26 7 12 9
split_gain=75629.8 1765.41 640.299 189.275 145.593 103.427 70.5379 44.4654 37.8677 22.19
threshold=4.8051673908123167 82.402500000000018 0.12230000000000002 0.004915000000000001 21.193455051892567 0.10087500000000003 44.211322314818197 0.054910000000000007 0.0023450000000000003 0.019680000000000003
decision_type=2 2 2 2 2 2 2 2 2 2
left_child=-1 -2 3 4 5 -3 -7 9 -8 -5
right_child=1 2 -4 7 -6 6 8 -9 -10 -11
leaf_value=-2.6607810948689781 0.45475206195116041 0.10701695013046265 0.35748685536601321 0.14892706487459292 0.17214660131931306 -0.068699003299077327 0.077484986225763955 0.20857475168364389 -0.010894402255614598 0.076159837928685276
leaf_weight=7.9999999999999991 19 10.999999999999998 9.9999999999999982 16.000000000000004 7.9999999999999991 8.0000000000000018 7.9999999999999991 12.999999999999998 7.9999999999999991 9.9999999999999982
leaf_count=8 19 11 10 16 8 8 8 13 8 10
internal_value=-0.0150543 0.19767 0.140242 0.109742 0.063967 0.0351035 -0.000759031 0.157314 0.0351656 0.124853
internal_weight=119 111 92 82 43 35 24 39 16 26
internal_count=119 111 92 82 43 35 24 39 16 26
is_linear=0
shrinkage=0.03


Tree=53
num_leaves=11
num_cat=0
split_feature=29 36 24 25 5 12 7 21 24 26
split_gain=67494.9 862.243 300.539 175.324 178.439 164.45 147.32 40.7823 30.7849 6.04521
threshold=5549.4926648657683 19.314800312776441 0.0028331000000000003 824.35000000000014 0.031415000000000005 0.0027750000000000001 0.10801000000000001 720.23689200000001 0.011769000000000002 61.994646842105269
decision_type=2 2 2 2 2 2 2 2 2 2
left_child=1 2 3 4 -1 7 -3 -6 -4 -10
right_child=-2 6 8 -5 5 -7 -8 -9 9 -11
leaf_value=0.29601281251907346 -2.5235108588536579 0.21490229401985794 0.01790587276762182 0.052133974528312678 0.13861884509600123 0.25430704645677044 0.43841603386402128 0.049791449205441908 0.096505796112120124 0.051912359243631356
leaf_weight=13.999999999999998 7.9999999999999991 8.0000000000000018 9.9999999999999982 8.9999999999999982 12.000000000000002 9.9999999999999982 10.999999999999998 9.9999999999999982 15.000000000000002 8.9999999999999982
leaf_count=14 8 8 10 9 12 10 11 10 15 9
internal_value=-0.0267747 0.17961 0.137548 0.180619 0.204081 0.156064 0.359831 0.102228 0.0646623 0.0825887
internal_weight=116 108 89 55 46 32 19 22 34 24
internal_count=116 108 89 55 46 32 19 22 34 24
is_linear=0
shrinkage=0.03


Tree=54
num_leaves=10
num_cat=0
split_feature=8 36 5 35 20 22 10 24 11
split_gain=69145.7 1118.98 215.454 268.161 210.711 106.851 27.7546 38.2101 7.13733
threshold=0.55734500000000009 19.314800312776441 0.026460000000000004 -98.985447086182134 0.024355000000000002 865.83308250886591 0.023040000000000001 0.0151804 0.00021500000000000005
decision_type=2 2 2 2 2 2 2 2 2
left_child=1 2 -1 8 -3 -5 -7 -8 -4
right_child=-2 4 3 5 -6 6 7 -9 -10
leaf_value=0.25523366221514615 -2.5572302323977154 0.26631749725341791 0.14347644591331477 -0.0041741595619491168 0.50169146015246702 0.13680412429571151 0.023167260809378181 0.098782299399375925 0.24384829101562497
leaf_weight=9.9999999999999982 7.9999999999999991 15.000000000000002 8.0000000000000018 12.999999999999998 7.9999999999999991 10.999999999999998 10.000000000000002 18 8.9999999999999982
leaf_count=10 8 15 8 13 8 11 10 18 9
internal_value=-0.0358199 0.184831 0.128228 0.106417 0.365742 0.070121 0.0944088 0.0735587 0.207293
internal_weight=110 102 79 69 23 52 39 28 17
internal_count=110 102 79 69 23 52 39 28 17
is_linear=0
shrinkage=0.03


Tree=55
num_leaves=11
num_cat=0
split_feature=26 29 5 35 8 26 39 12 36 8
split_gain=65990.9 1145.91 486.354 346.179 159.303 30.3131 25.2015 24.2588 20.7108 8.15
threshold=35.126552719298246 4674.9386972156599 0.026460000000000004 -100.40224776147777 0.25948000000000004 64.57623263704248 1.653564286883449 0.0020950000000000001 5.9853582640964387 0.090910000000000019
decision_type=2 2 2 2 2 2 2 2 2 2
left_child=-1 2 7 8 5 6 9 -2 -4 -5
right_child=1 -3 3 4 -6 -7 -8 -9 -10 -11
leaf_value=-2.4938369407653811 0.34974177106221516 0.44158481951696527 0.27046560668945319 0.10273830320284906 -0.018849980273842812 0.038526866326729456 0.15354884167151017 0.1989039876461029 0.15617102203585884 0.052243996909260751
leaf_weight=7.9999999999999991 7.9999999999999991 12.999999999999998 7.9999999999999956 12.000000000000012 13.999999999999998 7.9999999999999991 9.9999999999999982 7.9999999999999991 9.9999999999999982 8.9999999999999982
leaf_count=8 8 13 8 12 14 8 10 8 10 9
internal_value=-0.0325632 0.187066 0.144431 0.107905 0.0669272 0.0974579 0.11094 0.290548 0.218609 0.0845245
internal_weight=108 100 87 71 53 39 31 16 18 21
internal_count=108 100 87 71 53 39 31 16 18 21
is_linear=0
shrinkage=0.03


Tree=56
num_leaves=9
num_cat=0
split_feature=8 36 38 5 3 10 39 24
split_gain=63372.9 1546.1 351.571 246.492 192.901 59.0051 14.1388 8.18202
threshold=0.55734500000000009 20.450527074914604 4.8051673908123167 0.026460000000000004 0.013470000000000001 0.023040000000000001 1.3393335343567618 0.0151804
decision_type=2 2 2 2 2 2 2 2
left_child=1 2 -1 -4 5 6 -5 -7
right_child=-2 -3 3 4 -6 7 -8 -9
leaf_value=0.30989899698893231 -2.4498070683479307 0.47263557841096598 0.24836432704925537 0.087362048810720405 -0.0096226341873407364 0.037234087576468768 0.15488224331710648 0.083267708145081998
leaf_weight=7.9999999999999991 7.9999999999999991 12.999999999999998 8.9999999999999982 9.0000000000000018 14.999999999999998 8.0000000000000018 22 14.999999999999998
leaf_count=8 8 13 9 9 15 8 22 15
internal_value=-0.0388916 0.178465 0.129058 0.106804 0.0850334 0.111051 0.138669 0.0695371
internal_weight=107 99 86 78 69 54 31 23
internal_count=107 99 86 78 69 54 31 23
is_linear=0
shrinkage=0.03


Tree=57
num_leaves=11
num_cat=0
split_feature=38 1 7 4 15 28 2 29 10 15
split_gain=70106.7 2149.3 325.694 216.962 98.7133 128.123 46.8194 37.1628 9.41099 8.35618
threshold=4.8051673908123167 0.49900500000000009 0.11465500000000002 0.0038550000000000004 0.4899101666666667 15.683821884549657 0.82018000000000002 5301.55019689649 0.027125000000000003 0.3061113333333334
decision_type=2 2 2 2 2 2 2 2 2 2
left_child=-1 2 3 -2 5 6 -5 -3 -8 -10
right_child=1 7 -4 4 -6 -7 8 -9 9 -11
leaf_value=-2.5818044414520265 -0.036810388814319264 0.32469771766662581 0.27629545555114748 0.14700164921879769 0.19591991303183814 -0.017869612216949462 0.044513401275873159 0.54731421609358344 0.11697140161196391 0.057595902423063915
leaf_weight=7.9999999999999991 9.9999999999999982 8.0000000000000018 8.9999999999999982 19 9.9999999999999982 7.9999999999999991 9.0000000000000018 9.9999999999999982 7.9999999999999991 7.9999999999999991
leaf_count=8 10 8 9 19 10 8 9 10 8 8
internal_value=-0.0460731 0.182588 0.113574 0.0897075 0.110398 0.0905367 0.110239 0.470749 0.0776631 0.0925062
internal_weight=107 99 81 72 62 52 44 18 25 16
internal_count=107 99 81 72 62 52 44 18 25 16
is_linear=0
shrinkage=0.03


end of trees

feature_importances:
Column_26=30
Column_15=24
Column_2=20
Column_16=20
Column_0=19
Column_4=19
Column_10=19
Column_7=17
Column_5=15
Column_21=15
Column_8=14
Column_22=14
Column_36=14
Column_24=13
Column_1=12
Column_3=12
Column_13=12
Column_35=12
Column_38=12
Column_18=11
Column_29=11
Column_12=10
Column_23=10
Column_9=9
Column_20=9
Column_27=9
Column_39=9
Column_14=8
Column_28=5
Column_30=5
Column_17=4
Column_25=4
Column_11=3
Column_19=3
Column_34=1

parameters:
[boosting: gbdt]
[objective: regression]
[metric: l2]
[tree_learner: serial]
[device_type: cpu]
[data_sample_strategy: bagging]
[data: ]
[valid: ]
[num_iterations: 58]
[learning_rate: 0.03]
[num_leaves: 15]
[num_threads: 1]
[seed: 20260723]
[deterministic: 1]
[force_col_wise: 1]
[force_row_wise: 0]
[histogram_pool_size: -1]
[max_depth: -1]
[min_data_in_leaf: 8]
[min_sum_hessian_in_leaf: 0.001]
[bagging_fraction: 0.85]
[pos_bagging_fraction: 1]
[neg_bagging_fraction: 1]
[bagging_freq: 1]
[bagging_seed: 20260723]
[bagging_by_query: 0]
[feature_fraction: 0.85]
[feature_fraction_bynode: 1]
[feature_fraction_seed: 20260723]
[extra_trees: 0]
[extra_seed: 20591]
[early_stopping_round: 0]
[early_stopping_min_delta: 0]
[first_metric_only: 0]
[max_delta_step: 0]
[lambda_l1: 0.05]
[lambda_l2: 1]
[linear_lambda: 0]
[min_gain_to_split: 0.0001]
[drop_rate: 0.1]
[max_drop: 50]
[skip_drop: 0.5]
[xgboost_dart_mode: 0]
[uniform_drop: 0]
[drop_seed: 9722]
[top_rate: 0.2]
[other_rate: 0.1]
[min_data_per_group: 100]
[max_cat_threshold: 32]
[cat_l2: 10]
[cat_smooth: 10]
[max_cat_to_onehot: 4]
[top_k: 20]
[monotone_constraints: ]
[monotone_constraints_method: basic]
[monotone_penalty: 0]
[feature_contri: ]
[forcedsplits_filename: ]
[refit_decay_rate: 0.9]
[cegb_tradeoff: 1]
[cegb_penalty_split: 0]
[cegb_penalty_feature_lazy: ]
[cegb_penalty_feature_coupled: ]
[path_smooth: 0]
[interaction_constraints: ]
[verbosity: -1]
[saved_feature_importance_type: 0]
[use_quantized_grad: 0]
[num_grad_quant_bins: 4]
[quant_train_renew_leaf: 0]
[stochastic_rounding: 1]
[linear_tree: 0]
[max_bin: 127]
[max_bin_by_feature: ]
[min_data_in_bin: 3]
[bin_construct_sample_cnt: 200000]
[data_random_seed: 20260723]
[is_enable_sparse: 1]
[enable_bundle: 1]
[use_missing: 1]
[zero_as_missing: 0]
[feature_pre_filter: 1]
[pre_partition: 0]
[two_round: 0]
[header: 0]
[label_column: ]
[weight_column: ]
[group_column: ]
[ignore_column: ]
[categorical_feature: ]
[forcedbins_filename: ]
[precise_float_parser: 0]
[parser_config_file: ]
[objective_seed: 5935]
[num_class: 1]
[is_unbalance: 0]
[scale_pos_weight: 1]
[sigmoid: 1]
[boost_from_average: 1]
[reg_sqrt: 0]
[alpha: 0.9]
[fair_c: 1]
[poisson_max_delta_step: 0.7]
[tweedie_variance_power: 1.5]
[lambdarank_truncation_level: 30]
[lambdarank_norm: 1]
[label_gain: ]
[lambdarank_position_bias_regularization: 0]
[eval_at: ]
[multi_error_top_k: 1]
[auc_mu_weights: ]
[num_machines: 1]
[local_listen_port: 12400]
[time_out: 120]
[machine_list_filename: ]
[machines: ]
[gpu_platform_id: -1]
[gpu_device_id: -1]
[gpu_device_id_list: ]
[gpu_use_dp: 0]
[num_gpu: 1]

end of parameters

pandas_categorical:null
