tree
version=v4
num_class=1
num_tree_per_iteration=1
label_index=0
max_feature_idx=41
objective=regression
feature_names=Column_0 Column_1 Column_2 Column_3 Column_4 Column_5 Column_6 Column_7 Column_8 Column_9 Column_10 Column_11 Column_12 Column_13 Column_14 Column_15 Column_16 Column_17 Column_18 Column_19 Column_20 Column_21 Column_22 Column_23 Column_24 Column_25 Column_26 Column_27 Column_28 Column_29 Column_30 Column_31 Column_32 Column_33 Column_34 Column_35 Column_36 Column_37 Column_38 Column_39 Column_40 Column_41
feature_infos=[0.024969999999999992:3.2000000000000002] [0.12012:0.65407999999999999] [0.58059000000000005:2.10806] [0.0070600000000000003:0.018499999999999999] [0.0016500000000000004:0.0083000000000000001] [0.013350000000000001:0.050299999999999997] none [0.0085800000000000043:0.17138999999999999] [0:0.60048000000000001] [0:0.19581000000000001] [0:0.050279999999999991] [0:0.0025600000000000002] [0.00076000000000000004:0.0035699999999999998] [0.0024399999999999999:0.0083000000000000001] [2.3250000000000028:165] [0.13935900000000001:3.6819156666666673] [0.069267999999999996:3.3696631666666668] [0.019020128400000003:6.2119999999999997] [0.16011:0.66847000000000001] [0.0014899999999999913:0.79629000000000005] [0:0.051189999999999999] [716.01038900000003:728.53581999999994] [578.94624945403416:887.67561891398418] [-884.62820499999998:506.49418699999995] [0:0.0276396] [720.89999999999998:875.79999999999995] [2.1417900000003556:137.40225520002201] [4.1385069476315399:292.72887396349279] [3.8839464865410882:586.55144230574024] [1053.5963477287455:107214.84243794132] [0:20.799352463556257] [0:1] [1:3] none [1.5508940000000848:149.28860099999986] [-161.7231228887623:260.15375054596586] [0.28821001446401695:471.11196000550206] none [0:471.11196000550206] [1.0554723151317358:74.838009449953418] none none
tree_sizes=790 884 784 886 662 900 978 869 666 798 1095 889 985 977 992 1006 891 999 1196 981 1006 1087 1056 1074 981 1090 1003 990 1011 1106 1103 983 1109 1199 1122 1108 1101 1089 1101 1215 1200 1209 1002 1302

Tree=0
num_leaves=7
num_cat=0
split_feature=0 16 19 5 16 10
split_gain=562080 54649.2 25655.1 2275.43 1064.22 384.365
threshold=0.084080000000000016 0.098534750000000018 0.59565500000000016 0.031410000000000007 0.15100358333333333 0.021635000000000005
decision_type=2 2 2 2 2 2
left_child=1 -1 3 -2 -3 -4
right_child=2 4 5 -5 -6 -7
leaf_value=388.96714280715457 393.00920984707648 390.70195032304531 394.81798940055967 393.5885057467691 391.50206828608987 394.08934536662571
leaf_weight=31 15.000000000000002 22.000000000000004 18.000000000000004 11.999999999999998 7.9999999999999991 10.999999999999998
leaf_count=31 15 22 18 12 8 11
internal_value=391.83 389.859 393.989 393.29 390.87 394.598
internal_weight=117 61 56 27 30 29
internal_count=117 61 56 27 30 29
is_linear=0
shrinkage=1


Tree=1
num_leaves=8
num_cat=0
split_feature=0 0 16 9 15 34 17
split_gain=1.81216e+06 497663 54589.2 19137.2 1867.21 988.359 878.89
threshold=0.13013500000000003 0.084080000000000016 0.098534750000000018 0.15489000000000003 0.31461583333333337 96.592758000000018 0.18562166325000004
decision_type=2 2 2 2 2 2 2
left_child=1 2 -1 5 -4 -3 -7
right_child=-2 3 4 -5 -6 6 -8
leaf_value=-3.6525694613456725 13.03810555521647 0.97632423782348587 -1.9584637007279824 1.8598072382056194 -1.1341089826583861 0.23064234964797886 0.66367521324157708
leaf_weight=31 7.9999999999999991 8.0000000000000018 21.000000000000004 22 8.9999999999999982 8.0000000000000018 13.999999999999998
leaf_count=31 8 8 21 22 9 8 14
internal_value=0.0789207 -0.944852 -2.76311 1.19996 -1.75577 0.67164 0.523148
internal_weight=121 113 61 52 30 30 22
internal_count=121 113 61 52 30 30 22
is_linear=0
shrinkage=0.03


Tree=2
num_leaves=7
num_cat=0
split_feature=1 10 8 25 34 15
split_gain=485399 49595.4 22579 1527.66 943.885 519.865
threshold=0.34773000000000004 0.024860000000000004 0.37342500000000006 822.50000000000011 107.48545999999995 0.31461583333333337
decision_type=2 2 2 2 2 2
left_child=1 -1 3 -2 -5 -3
right_child=2 5 -4 4 -6 -7
leaf_value=-3.4503127441406245 0.86455991808573363 -1.7684396427154538 1.7102176757812499 0.085198217868804896 0.51881153094768517 -1.1034880319595337
leaf_weight=30 8.0000000000000018 19.000000000000004 34 8.0000000000000018 10.999999999999998 8.9999999999999982
leaf_count=30 8 19 34 8 11 9
internal_value=-0.656077 -2.59943 1.2038 0.527734 0.349701 -1.60018
internal_weight=119 58 61 27 19 28
internal_count=119 58 61 27 19 28
is_linear=0
shrinkage=0.03


Tree=3
num_leaves=8
num_cat=0
split_feature=15 0 15 8 15 25 17
split_gain=1.77593e+06 447209 42655.4 13081.5 1768.55 1325.31 767.383
threshold=0.61941583333333339 0.084080000000000016 0.19823300000000002 0.39934000000000008 0.3061113333333334 822.50000000000011 0.18887417480000004
decision_type=2 2 2 2 2 2 2
left_child=1 2 -1 5 -4 -3 -7
right_child=-2 3 4 -5 -6 6 -8
leaf_value=-3.4140967860068039 13.064934619903562 0.90470699449018965 -1.9263926515018237 1.5717553426808324 -1.1479821615219115 0.19990141782760612 0.61638206491470326
leaf_weight=30 7.9999999999999991 10.000000000000002 16.000000000000004 28 10.999999999999998 9.0000000000000018 8.9999999999999982
leaf_count=30 8 10 16 28 11 9 9
internal_value=0.237049 -0.777745 -2.62697 1.11754 -1.66164 0.624745 0.429702
internal_weight=121 113 57 56 27 28 18
internal_count=121 113 57 56 27 28 18
is_linear=0
shrinkage=0.03


Tree=4
num_leaves=6
num_cat=0
split_feature=16 0 15 8 16
split_gain=1.70094e+06 421731 39505.2 15602.7 1553.98
threshold=0.29371150000000007 0.084080000000000016 0.19823300000000002 0.51919500000000018 0.23336541666666669
decision_type=2 2 2 2 2
left_child=1 2 -1 4 -3
right_child=-2 3 -4 -5 -6
leaf_value=-3.3809601716995235 12.684049390792845 0.1612570632755756 -1.678402880244785 1.5559224734836155 0.662898206008108
leaf_weight=31 7.9999999999999991 9.0000000000000018 26 26 18
leaf_count=31 8 9 26 26 18
internal_value=0.141747 -0.87646 -2.64671 1.04112 0.507469
internal_weight=118 110 57 53 27
internal_count=118 110 57 53 27
is_linear=0
shrinkage=0.03


Tree=5
num_leaves=8
num_cat=0
split_feature=35 0 16 9 30 15 5
split_gain=1.72443e+06 375376 45926 8475.24 1133.27 465.494 299.737
threshold=-4.4513294524876441 0.084080000000000016 0.098534750000000018 0.15773000000000001 15.575005434838424 0.31461583333333337 0.028555000000000004
decision_type=2 2 2 2 2 2 2
left_child=1 2 -1 4 -3 -4 -5
right_child=-2 3 5 6 -6 -7 -8
leaf_value=-3.277970442379222 12.652240915934243 0.6777541952133177 -1.7131063833236693 1.5412469696044919 0.22161415243148805 -1.0534902372360229 0.93399513467152906
leaf_weight=33 7.9999999999999991 21.000000000000004 23.000000000000004 14.000000000000002 7.9999999999999991 7.9999999999999991 7.9999999999999991
leaf_count=33 8 21 23 14 8 8 8
internal_value=0.00205232 -0.979433 -2.49308 0.931428 0.563554 -1.58117 1.3707
internal_weight=123 115 64 51 29 31 22
internal_count=123 115 64 51 29 31 22
is_linear=0
shrinkage=0.03


Tree=6
num_leaves=9
num_cat=0
split_feature=8 0 2 17 14 26 22 8
split_gain=1.67881e+06 342794 34234.8 9442.52 3173.91 3074.83 1346.05 241.858
threshold=0.55734500000000009 0.069270000000000012 1.1459700000000002 0.18996293355000005 92.691500000000005 46.735967777781354 864.13293105368359 0.11522
decision_type=2 2 2 2 2 2 2 2
left_child=1 2 -1 4 -3 6 -5 -4
right_child=-2 3 7 5 -6 -7 -8 -9
leaf_value=-3.137266349098899 12.610638507843015 0.65199371389909189 -1.7316074661254881 0.83842669830322236 -0.079320074135606933 0.56578607068061815 1.5140503813799691 -1.1085591295415704
leaf_weight=32 7.9999999999999991 10.000000000000002 14.000000000000002 9.0000000000000018 9.9999999999999982 8.9999999999999982 15.999999999999998 9.9999999999999982
leaf_count=32 8 10 14 9 10 9 16 10
internal_value=0.150236 -0.861407 -2.48598 0.83788 0.2999 1.13669 1.31249 -1.52679
internal_weight=118 110 56 54 20 34 25 24
internal_count=118 110 56 54 20 34 25 24
is_linear=0
shrinkage=0.03


Tree=7
num_leaves=8
num_cat=0
split_feature=7 2 10 21 17 9 13
split_gain=1.64638e+06 301341 26131.5 8707.65 3481.25 650.387 587.165
threshold=0.15133000000000005 1.3808300000000002 0.024860000000000004 722.25561450000009 0.17939500900000002 0.15773000000000001 0.0062200000000000007
decision_type=2 2 2 2 2 2 2
left_child=1 2 -1 4 -3 -5 -6
right_child=-2 3 -4 5 6 -7 -8
leaf_value=-3.0037330656974541 12.61767249170939 -0.15650739117463425 -1.4493464859008789 0.7357629037857053 0.35928529548645005 1.2554127161979676 0.74984668121337883
leaf_weight=30 7.9999999999999991 8.0000000000000018 19 9.0000000000000018 11.000000000000002 19 8.9999999999999982
leaf_count=30 8 8 19 9 11 19 9
internal_value=0.301097 -0.747476 -2.44208 0.752109 0.358666 1.11956 0.562447
internal_weight=113 105 49 56 28 28 20
internal_count=113 105 49 56 28 28 20
is_linear=0
shrinkage=0.03


Tree=8
num_leaves=6
num_cat=0
split_feature=0 2 17 3 5
split_gain=339827 29002.1 9901.44 3039.25 1995.05
threshold=0.069270000000000012 0.84946500000000014 0.20485365100000003 0.014665000000000003 0.027310000000000004
decision_type=2 2 2 2 2
left_child=1 -1 3 -2 -4
right_child=2 -3 4 -5 -6
leaf_value=-2.9971600760323658 -0.020886358814580092 -1.4349978517804827 1.3302814624786377 0.63953932809829706 0.77946450941186196
leaf_weight=34 13.000000000000002 20 19 10.999999999999998 18
leaf_count=34 13 20 19 11 18
internal_value=-0.743418 -2.45522 0.787081 0.295223 1.08992
internal_weight=115 54 61 24 37
internal_count=115 54 61 24 37
is_linear=0
shrinkage=0.03


Tree=9
num_leaves=7
num_cat=0
split_feature=17 19 16 15 22 4
split_gain=1.54101e+06 283231 28097.5 8818.77 2239.73 371.936
threshold=0.25041880400000005 0.16965000000000002 0.098534750000000018 0.49323783333333343 863.94761649259465 0.003935000000000001
decision_type=2 2 2 2 2 2
left_child=1 2 -1 -3 -5 -6
right_child=-2 3 -4 4 5 -7
leaf_value=-2.8808593852451869 12.023312143325805 0.041460524260997771 -1.4330222173118592 0.54410406804084777 0.79517838081946712 1.2593337110791889
leaf_weight=34 7.9999999999999991 14.999999999999998 24 14.999999999999998 12.000000000000002 12.999999999999998
leaf_count=34 8 15 24 15 12 13
internal_value=0.0729033 -0.871176 -2.31622 0.666813 0.894553 1.07575
internal_weight=121 113 58 55 40 25
internal_count=121 113 58 55 40 25
is_linear=0
shrinkage=0.03


Tree=10
num_leaves=10
num_cat=0
split_feature=7 9 16 21 20 28 15 9 11
split_gain=1.53886e+06 269103 29128.4 7251.75 2388.11 949.416 656.56 524.324 207.299
threshold=0.15133000000000005 0.046770000000000006 0.098534750000000018 722.25561450000009 0.021230000000000002 20.447453212506016 0.31461583333333337 0.15773000000000001 0.0016950000000000001
decision_type=2 2 2 2 2 2 2 2 2
left_child=1 2 -1 4 5 -3 -4 -5 -9
right_child=-2 3 6 7 -6 -7 -8 8 -10
leaf_value=-2.798132435560226 12.155465355555217 0.66174822411170331 -1.4975675600955358 0.63482231680552126 -0.099147350629170738 0.20828403695424397 -0.87812231922149653 1.2878406961881195 0.81974263954162596
leaf_weight=31 7.9999999999999991 12.000000000000005 18.000000000000004 8.0000000000000018 7.9999999999999991 7.9999999999999991 7.9999999999999991 12.000000000000002 10.999999999999998
leaf_count=31 8 12 18 8 8 8 8 12 11
internal_value=0.203046 -0.718093 -2.17069 0.698028 0.330516 0.49899 -1.34661 1.00923 1.10751
internal_weight=124 116 57 59 28 20 26 31 23
internal_count=124 116 57 59 28 20 26 31 23
is_linear=0
shrinkage=0.03


Tree=11
num_leaves=8
num_cat=0
split_feature=1 23 16 0 22 0 39
split_gain=1.55913e+06 239250 17355.2 11964.4 3994.08 2324.97 1022.28
threshold=0.55441000000000018 468.91088550000006 0.098534750000000018 0.099065000000000014 863.94761649259465 0.12072500000000001 2.1803351701916882
decision_type=2 2 2 2 2 2 2
left_child=1 3 -3 -1 6 -6 -5
right_child=-2 2 -4 4 5 -7 -8
leaf_value=-0.46105822763442988 12.193237308502196 -2.7211807315349574 -1.4641998003179377 0.13597269110246132 0.56113831582436169 1.2124352172851562 0.54072655177116391
leaf_weight=8.9999999999999982 7.9999999999999991 31 21 10.000000000000002 12.000000000000002 13.999999999999998 14.999999999999998
leaf_count=9 8 31 21 10 12 14 15
internal_value=0.177426 -0.781143 -2.25079 0.508542 0.685253 0.943808 0.390339
internal_weight=120 112 52 60 51 26 25
internal_count=120 112 52 60 51 26 25
is_linear=0
shrinkage=0.03


Tree=12
num_leaves=9
num_cat=0
split_feature=1 2 2 17 23 14 20 8
split_gain=1.48733e+06 243303 22603.4 3323.31 3044.63 1399.76 1347.5 1021.95
threshold=0.55441000000000018 1.3808300000000002 0.84946500000000014 0.22059525895000001 414.64873150000005 87.331000000000017 0.021230000000000002 0.11522
decision_type=2 2 2 2 2 2 2 2
left_child=1 2 -1 5 -5 -3 -7 -4
right_child=-2 3 7 4 -6 6 -8 -9
leaf_value=-2.6641266053143671 11.870217587788899 0.70283036457408554 -1.5781852433681485 0.37863859875996891 1.1720490783691406 0.44168259468078602 -0.020321390649676325 -0.93225784700567071
leaf_weight=33 7.9999999999999991 9.9999999999999982 15.000000000000002 8.0000000000000018 13.999999999999998 14.000000000000002 8.9999999999999982 9.9999999999999982
leaf_count=33 8 10 15 8 14 14 9 10
internal_value=0.130225 -0.797745 -2.1371 0.627583 0.912608 0.416269 0.267522 -1.36567
internal_weight=121 113 58 55 22 33 23 25
internal_count=121 113 58 55 22 33 23 25
is_linear=0
shrinkage=0.03


Tree=13
num_leaves=9
num_cat=0
split_feature=23 2 0 12 26 11 3 22
split_gain=230841 15432.6 7135.86 2098.44 2157.29 845.882 1986.35 105.432
threshold=468.91088550000006 0.84946500000000014 0.099065000000000014 0.0026200000000000004 47.28303138888888 0.0016250000000000004 0.014745000000000003 863.94761649259465
decision_type=2 2 2 2 2 2 2 2
left_child=2 -2 -1 4 5 7 -7 -4
right_child=1 -3 3 -5 -6 6 -8 -9
leaf_value=-0.29167497179408869 -2.5430212001185262 -1.399352184906006 0.72268172327677405 0.24617847853440503 0.32601758537842673 0.25956068358421314 0.87179274804251528 1.2153335673014323
leaf_weight=7.9999999999999991 30 24 7.9999999999999991 11.999999999999998 11.999999999999998 9.0000000000000018 12.999999999999998 7.9999999999999991
leaf_count=8 30 24 8 12 12 9 13 8
internal_value=-0.614041 -2.06944 0.522004 0.629982 0.715433 0.826855 0.643574 1.0261
internal_weight=124 54 70 62 50 38 22 16
internal_count=124 54 70 62 50 38 22 16
is_linear=0
shrinkage=0.03


Tree=14
num_leaves=9
num_cat=0
split_feature=35 2 16 12 4 8 20 25
split_gain=1.44206e+06 201841 26435.9 3333.22 2277.5 917.253 498.613 265.388
threshold=-4.4513294524876441 1.4601050000000002 0.098534750000000018 0.0026200000000000004 0.0033750000000000004 0.11522 0.018475000000000002 834.10000000000014
decision_type=2 2 2 2 2 2 2 2
left_child=1 2 -1 4 -3 -4 -6 -8
right_child=-2 3 5 -5 6 -7 7 -9
leaf_value=-2.4939123242696124 11.647318856557209 0.30274281992912289 -1.3576384537696837 0.039812181082638821 0.56464643638474588 -0.79860987932031802 0.63375333372751841 1.1079870177268982
leaf_weight=35 7.9999999999999991 13.999999999999998 19.000000000000004 9.9999999999999982 13.000000000000002 9.9999999999999982 8.0000000000000018 8.9999999999999982
leaf_count=35 8 14 19 10 13 10 8 9
internal_value=0.0691207 -0.80711 -1.93417 0.539523 0.649652 -1.19797 0.796506 0.932508
internal_weight=126 118 64 54 44 29 30 17
internal_count=126 118 64 54 44 29 30 17
is_linear=0
shrinkage=0.03


Tree=15
num_leaves=9
num_cat=0
split_feature=19 9 16 30 11 11 3 16
split_gain=1.43646e+06 161804 17332.6 2897.63 1618.5 1917.36 1174.53 1099.86
threshold=0.72595500000000013 0.046770000000000006 0.098534750000000018 15.575005434838424 0.0011900000000000003 0.0016250000000000004 0.014745000000000003 0.1495829166666667
decision_type=2 2 2 2 2 2 2 2
left_child=1 2 -1 4 -3 -6 -7 -4
right_child=-2 3 7 -5 5 6 -8 -9
leaf_value=-2.3505393325805661 11.759581009586652 0.25147561597824097 -1.4061476061344145 0.072808010816574106 0.98160005746568935 0.1566584021250407 0.68262068494160966 -0.81770330566167826
leaf_weight=29 7.9999999999999991 10.999999999999998 15.000000000000002 12.999999999999998 13.000000000000002 7.9999999999999991 7.9999999999999991 10.999999999999998
leaf_count=29 8 11 15 13 13 8 8 11
internal_value=0.242266 -0.710913 -1.83625 0.469239 0.593125 0.709964 0.444412 -1.19675
internal_weight=116 108 55 53 40 29 16 26
internal_count=116 108 55 53 40 29 16 26
is_linear=0
shrinkage=0.03


Tree=16
num_leaves=8
num_cat=0
split_feature=22 0 16 7 27 4 34
split_gain=1.42592e+06 172856 17434.7 2826.16 2530.53 1536.08 1742.53
threshold=862.1645597157484 0.084080000000000016 0.098534750000000018 0.11500500000000001 9.3870293977853816 0.0045600000000000007 121.31554200000001
decision_type=2 2 2 2 2 2 2
left_child=-1 2 -2 5 -5 6 -3
right_child=1 3 -4 4 -6 -7 -8
leaf_value=11.619554855664571 -2.323608597237723 0.62539731431007362 -1.2154143682888576 -0.10889767313003537 0.50264006449959497 0.84742677536010735 0.047222419420878091
leaf_weight=7.9999999999999991 34 11.000000000000002 27 13.000000000000002 9.9999999999999982 13.999999999999998 7.9999999999999991
leaf_count=8 34 11 27 13 10 14 8
internal_value=0.110042 -0.768723 -1.86064 0.432432 0.166791 0.607182 0.396563
internal_weight=125 117 61 56 23 33 19
internal_count=125 117 61 56 23 33 19
is_linear=0
shrinkage=0.03


Tree=17
num_leaves=9
num_cat=0
split_feature=7 2 2 3 3 14 35 15
split_gain=1.35351e+06 141684 19794.8 3644.33 1351.36 1062.66 831.63 158.006
threshold=0.15133000000000005 1.3808300000000002 0.84946500000000014 0.015185000000000002 0.014195000000000001 91.89800000000001 -62.910355130903433 0.5879308333333334
decision_type=2 2 2 2 2 2 2 2
left_child=1 2 -1 4 5 -3 -4 -5
right_child=-2 3 6 7 -6 -7 -8 -9
leaf_value=-2.3025641590465198 11.274697908401489 0.48975656214627339 -1.2746178794340652 0.77002538993141834 -0.092486649417877195 0.073935537044818589 -0.71120486799875882 0.43699347082773843
leaf_weight=32 7.9999999999999991 10.000000000000002 21.000000000000004 10.000000000000002 13.999999999999998 11.999999999999998 7.9999999999999991 7.9999999999999991
leaf_count=32 8 10 21 10 14 12 8 8
internal_value=0.0678196 -0.802251 -1.78113 0.315771 0.134086 0.276086 -1.14813 0.65288
internal_weight=123 115 61 54 36 22 29 18
internal_count=123 115 61 54 36 22 29 18
is_linear=0
shrinkage=0.03


Tree=18
num_leaves=11
num_cat=0
split_feature=28 23 15 24 30 18 39 22 19 15
split_gain=1.40571e+06 139620 14876.3 4816.56 2471.43 3009.11 896.546 699.658 535.436 234.503
threshold=27.600368555591881 468.91088550000006 0.19418566666666667 0.0076142999999999983 15.575005434838424 0.58010000000000017 2.2745723471800128 863.94761649259465 0.69164500000000018 0.28512433333333337
decision_type=2 2 2 2 2 2 2 2 2 2
left_child=1 3 -3 4 5 7 -6 -1 -9 -4
right_child=-2 2 9 -5 6 -7 -8 8 -10 -11
leaf_value=0.41206108814477904 11.581785352071124 -2.2605162231445313 -1.4285601407564599 -0.40352387571334836 -0.13201189418272535 -0.036698821226755773 0.27234813912709555 0.47765663369496658 0.95559992853800446 -0.96040735110114606
leaf_weight=15.000000000000002 7.9999999999999991 29 12.000000000000002 7.9999999999999991 10.000000000000002 7.9999999999999991 7.9999999999999991 7.9999999999999991 7.9999999999999991 15.999999999999998
leaf_count=15 8 29 12 8 10 8 8 8 8 16
internal_value=0.137776 -0.700698 -1.77098 0.250444 0.347629 0.479087 0.0525001 0.609228 0.758871 -1.20344
internal_weight=130 122 57 65 57 39 18 31 16 28
internal_count=130 122 57 65 57 39 18 31 16 28
is_linear=0
shrinkage=0.03


Tree=19
num_leaves=9
num_cat=0
split_feature=16 23 2 22 39 27 22 7
split_gain=1.26396e+06 120179 10583.3 3374.93 1993.21 1798.35 714.781 35.7082
threshold=0.29849850000000006 468.91088550000006 0.84946500000000014 865.56769316710768 2.2143997393549806 7.4160937803607547 862.86483802030193 0.10329500000000001
decision_type=2 2 2 2 2 2 2 2
left_child=1 3 -3 5 -5 -1 -7 -8
right_child=-2 2 -4 4 -6 6 7 -9
leaf_value=0.071870949109395343 11.135185226440427 -2.2097762731933592 -1.1443196728706362 -0.21193994131088251 0.29565956398156967 0.30026934528350818 0.50831268939971896 0.82524760494232174
leaf_weight=7.9999999999999991 7.9999999999999991 24 19 14.000000000000002 11.999999999999998 8.0000000000000018 9.0000000000000018 8.9999999999999982
leaf_count=8 8 24 19 14 12 8 9 9
internal_value=0.352127 -0.584394 -1.77573 0.284489 0.0245546 0.476839 0.594112 0.701953
internal_weight=111 103 43 60 26 34 26 18
internal_count=111 103 43 60 26 34 26 18
is_linear=0
shrinkage=0.03


Tree=20
num_leaves=9
num_cat=0
split_feature=22 23 16 10 7 22 19 11
split_gain=1.30658e+06 117123 13083.8 5054.69 2901.63 2366.07 60.3793 56.4722
threshold=862.1645597157484 468.91088550000006 0.098534750000000018 0.027955000000000004 0.12931000000000001 863.94761649259465 0.13416500000000006 0.0016250000000000004
decision_type=2 2 2 2 2 2 2 2
left_child=-1 3 -3 4 5 -2 -4 -7
right_child=1 2 6 -5 -6 7 -8 -9
leaf_value=11.151993426322935 0.21095607866559704 -2.0788688791448418 -1.2132392365336417 -0.31295229840278627 0.034495052531361578 0.87711512270840697 -0.78768347532098937 0.52909068171183271
leaf_weight=7.9999999999999991 13.000000000000002 32 15.000000000000002 10.999999999999998 14.999999999999998 10.000000000000002 9.9999999999999982 7.9999999999999991
leaf_count=8 13 32 15 11 15 10 10 8
internal_value=0.145113 -0.717544 -1.66693 0.244189 0.381274 0.542702 -1.07992 0.758504
internal_weight=122 114 57 57 46 31 25 18
internal_count=122 114 57 57 46 31 25 18
is_linear=0
shrinkage=0.03


Tree=21
num_leaves=10
num_cat=0
split_feature=14 0 2 3 9 12 8 14 8
split_gain=1.31306e+06 101871 12861.8 2667.11 1262.84 1154.61 1045.76 331.929 35.2205
threshold=73.493500000000026 0.084080000000000016 0.84946500000000014 0.015185000000000002 0.17741000000000004 0.0020950000000000001 0.53368500000000008 92.691500000000005 0.11522
decision_type=2 2 2 2 2 2 2 2 2
left_child=-1 2 -2 4 5 7 -5 -3 -4
right_child=1 3 8 6 -6 -7 -8 -9 -10
leaf_value=11.220557771364847 -2.0384347946166992 0.13008162005742382 -1.1523913116455076 0.73134153184890716 -0.24077956263224282 0.36556570979527064 0.22816776339213052 -0.12104798299670221 -0.74178906998634342
leaf_weight=7.9999999999999991 29 8.0000000000000053 17.000000000000004 9.0000000000000018 7.9999999999999991 12.999999999999998 7.9999999999999991 8.9999999999999982 8.9999999999999982
leaf_count=8 29 8 17 9 8 13 8 9 9
internal_value=0.201241 -0.694017 -1.59495 0.219278 0.0746066 0.163812 0.520468 -0.00212474 -1.04305
internal_weight=118 110 55 55 38 30 17 17 26
internal_count=118 110 55 55 38 30 17 17 26
is_linear=0
shrinkage=0.03


Tree=22
num_leaves=10
num_cat=0
split_feature=23 16 0 1 22 28 17 34 39
split_gain=100042 12237.5 3223.9 2468.29 3451.52 1281.47 912.833 774.028 389.924
threshold=468.91088550000006 0.098534750000000018 0.099065000000000014 0.54818 863.66784860780524 20.447453212506016 0.23399179160000003 125.1822145 2.2261793006805171
decision_type=2 2 2 2 2 2 2 2 2
left_child=2 -2 -1 4 5 -4 8 -5 -6
right_child=1 -3 3 7 6 -7 -8 -9 -10
leaf_value=-0.43961649243036904 -2.0136566536643286 -1.0472042603125939 0.20704324110349021 0.062442176198959323 0.18127116022109974 -0.29967798455556233 0.77103217824300119 -0.32518681271870931 0.49523282750447584
leaf_weight=7.9999999999999991 32 25 7.9999999999999991 9.0000000000000018 9.0000000000000053 7.9999999999999991 7.9999999999999991 7.9999999999999991 7.9999999999999991
leaf_count=8 32 25 8 9 9 8 8 8 8
internal_value=-0.706128 -1.61516 0.0913146 0.170782 0.294723 -0.0489537 0.508158 -0.12782 0.348406
internal_weight=123 57 66 58 41 16 25 17 17
internal_count=123 57 66 58 41 16 25 17 17
is_linear=0
shrinkage=0.03


Tree=23
num_leaves=10
num_cat=0
split_feature=2 2 1 21 26 28 35 30 35
split_gain=94128.6 13612 1772.43 2866.16 1076.79 961.178 789.442 604.92 151.518
threshold=1.3808300000000002 0.84946500000000014 0.54818 720.99840150000011 39.369458708577014 21.420223268739676 -62.910355130903433 15.575005434838424 -122.41664965017121
decision_type=2 2 2 2 2 2 2 2 2
left_child=1 8 3 7 -4 -5 -3 -2 -1
right_child=2 6 4 5 -6 -7 -8 -9 -10
leaf_value=-1.3432291351318357 0.1523627891723926 -1.0693279105595179 -0.30775237782796222 0.77210105800628626 0.15768249257405598 0.32580446305274957 -0.56748884900410956 -0.16771346782272062 -2.0620478430175777
leaf_weight=8.9999999999999982 12.000000000000002 20.000000000000004 7.9999999999999991 8.0000000000000018 7.9999999999999991 13.999999999999998 7.9999999999999991 7.9999999999999991 24
leaf_count=9 12 20 8 8 8 14 8 8 24
internal_value=-0.67993 -1.49276 0.185731 0.286251 -0.0793605 0.514673 -0.95051 0.0223712 -1.91132
internal_weight=119 61 58 42 16 22 28 20 33
internal_count=119 61 58 42 16 22 28 20 33
is_linear=0
shrinkage=0.03


Tree=24
num_leaves=9
num_cat=0
split_feature=15 2 0 28 26 7 10 27
split_gain=92342 6599.11 4749.76 2957.59 1599.26 1222.05 1119 1014.27
threshold=0.31461583333333337 0.84946500000000014 0.099065000000000014 21.420223268739676 43.664427938596511 0.11500500000000001 0.020065000000000003 9.9164852050983594
decision_type=2 2 2 2 2 2 2 2
left_child=1 -1 -2 4 -4 6 -5 -7
right_child=2 -3 3 5 -6 7 -8 -9
leaf_value=-1.8953384583213109 -0.48951584217765109 -1.0393872574170431 0.71971064836328646 -0.081881158192952441 0.19527546220559341 -0.39052849674224854 0.37580939951809966 0.066543302377065017
leaf_weight=32 9.9999999999999982 17 10.000000000000002 8.0000000000000018 11.999999999999998 7.9999999999999991 9.9999999999999982 7.9999999999999991
leaf_count=32 10 17 10 8 12 8 10 8
internal_value=-0.652615 -1.62513 0.0828631 0.191895 0.454648 0.013703 0.178709 -0.171433
internal_weight=115 49 66 56 22 34 18 16
internal_count=115 49 66 56 22 34 18 16
is_linear=0
shrinkage=0.03


Tree=25
num_leaves=10
num_cat=0
split_feature=5 16 16 1 21 22 22 27 14
split_gain=1.26686e+06 82640.1 9137.68 2854.87 2617.04 1630.76 800.269 575.843 41.3833
threshold=0.016740000000000005 0.16001233333333334 0.098534750000000018 0.54818 720.25952600000016 863.94761649259465 865.56769316710768 9.6793735136932817 113.57900000000002
decision_type=2 2 2 2 2 2 2 2 2
left_child=-1 2 -2 4 -3 -6 -7 -5 -4
right_child=1 3 8 7 5 6 -8 -9 -10
leaf_value=11.016927708625792 -1.8238910668113015 -0.11115257885456085 -1.1226384438734784 -0.37449931869506825 0.070925460934638945 0.681597132022564 0.25032147550582884 -0.028881170590718583 -0.74159722995758048
leaf_weight=7.9999999999999991 32 13.999999999999998 12.000000000000002 9.0000000000000018 11.000000000000002 12.000000000000002 7.9999999999999991 7.9999999999999991 11.999999999999998
leaf_count=8 32 14 12 9 11 12 8 8 12
internal_value=0.165488 -0.656588 -1.48117 0.0998579 0.223891 0.373993 0.529293 -0.222579 -0.969463
internal_weight=126 118 56 62 45 31 20 17 24
internal_count=126 118 56 62 45 31 20 17 24
is_linear=0
shrinkage=0.03


Tree=26
num_leaves=9
num_cat=0
split_feature=19 15 18 9 36 36 26 5
split_gain=1.25033e+06 79407.2 5107.95 3526.8 2638.83 1801.54 908.045 650.621
threshold=0.72595500000000013 0.3061113333333334 0.44463500000000006 0.020610000000000007 18.537959098288585 22.597821696756821 46.386318508771929 0.028555000000000004
decision_type=2 2 2 2 2 2 2 2
left_child=1 3 7 -1 6 -6 -4 -3
right_child=-2 2 4 -5 5 -7 -8 -9
leaf_value=-1.789734026475386 10.947020625114439 -0.14926443872451778 0.68160290492176989 -1.0815519728590461 -0.19813240876793856 0.27735060882568358 0.21268610858917239 -0.51064491260051725
leaf_weight=32 7.9999999999999991 9.0000000000000018 9.0000000000000018 15.999999999999998 15.000000000000002 11.999999999999998 7.9999999999999991 10.999999999999998
leaf_count=32 8 9 9 16 15 12 8 11
internal_value=0.186924 -0.671715 0.0237502 -1.58059 0.203714 0.0154978 0.485095 -0.362947
internal_weight=120 112 64 48 44 27 17 20
internal_count=120 112 64 48 44 27 17 20
is_linear=0
shrinkage=0.03


Tree=27
num_leaves=9
num_cat=0
split_feature=15 15 16 9 7 21 21 29
split_gain=1.21385e+06 62462.6 6238.89 4235.47 2336.86 1270.05 1087.98 106.133
threshold=0.61740716666666684 0.31461583333333337 0.098534750000000018 0.069910000000000014 0.12931000000000001 725.49578400000007 720.25952600000016 3896.8247651587621
decision_type=2 2 2 2 2 2 2 2
left_child=1 2 -1 -3 5 6 -5 -8
right_child=-2 3 -4 4 -6 -7 7 -9
leaf_value=-1.705505756747338 10.804694804191588 -0.47940213499750406 -0.92676544199671074 0.05485544789754427 -0.28586767042766914 -0.10164942798614503 0.50857622155276183 0.29504504981637003
leaf_weight=30 7.9999999999999991 12.999999999999998 20 11.999999999999998 9.9999999999999982 8.9999999999999982 10.000000000000002 10.999999999999998
leaf_count=30 8 13 20 12 10 9 10 11
internal_value=0.192595 -0.632404 -1.41832 -0.0155026 0.107301 0.205419 0.289735 0.41529
internal_weight=123 115 50 65 52 42 33 21
internal_count=123 115 50 65 52 42 33 21
is_linear=0
shrinkage=0.03


Tree=28
num_leaves=9
num_cat=0
split_feature=21 19 16 9 15 7 7 12
split_gain=1.17486e+06 68684.9 6508.62 2679.26 3506.03 1262.78 1022.07 504.46
threshold=725.61214050000012 0.16047000000000003 0.098534750000000018 0.069910000000000014 0.61740716666666684 0.12553000000000003 0.10329500000000001 0.0021800000000000005
decision_type=2 2 2 2 2 2 2 2
left_child=1 2 -1 -3 5 6 7 -5
right_child=-2 3 -4 4 -6 -7 -8 -9
leaf_value=-1.7565254199436731 10.566121925354002 -0.43923976916074747 -0.91515533221469214 -0.015843216991424547 -0.42382314370978957 -0.056242688679695126 0.53617573413848874 0.27945855665206909
leaf_weight=34 7.9999999999999991 10.999999999999998 15.999999999999998 9.0000000000000053 9.9999999999999982 13.999999999999998 8.9999999999999982 10.999999999999998
leaf_count=34 8 11 16 9 10 14 9 11
internal_value=0.128726 -0.68922 -1.51054 -0.034173 0.0564469 0.175266 0.285228 0.152075
internal_weight=122 114 50 64 53 43 29 20
internal_count=122 114 50 64 53 43 29 20
is_linear=0
shrinkage=0.03


Tree=29
num_leaves=10
num_cat=0
split_feature=35 23 2 19 9 3 12 35 26
split_gain=1.15052e+06 51780.2 4938.95 4010.96 4417.96 1804.02 1600.47 650.146 22.1995
threshold=-4.4513294524876441 468.91088550000006 0.84946500000000014 0.71140000000000014 0.069910000000000014 0.015185000000000002 0.0018400000000000003 -122.41664965017121 65.267621896301719
decision_type=2 2 2 2 2 2 2 2 2
left_child=1 3 7 4 -1 6 -6 -3 -4
right_child=-2 2 8 -5 5 -7 -8 -9 -10
leaf_value=-0.47186784861087794 10.524164514780043 -1.0894576812744137 -1.0063675289154048 -0.46899780955314629 -0.22981883654594412 0.49418936529159541 0.25476780264079568 -1.7571717910766602 -0.62060005887349445
leaf_weight=8.9999999999999982 7.9999999999999991 9.0000000000000018 11.000000000000002 13.999999999999998 9.0000000000000018 13.999999999999998 14.999999999999998 21 7.9999999999999991
leaf_count=9 8 9 11 14 9 14 15 21 8
internal_value=0.209522 -0.628675 -1.34437 -0.041334 0.0931408 0.235665 0.0710639 -1.59851 -0.883166
internal_weight=118 110 49 61 47 38 24 30 19
internal_count=118 110 49 61 47 38 24 30 19
is_linear=0
shrinkage=0.03


Tree=30
num_leaves=10
num_cat=0
split_feature=5 15 10 7 22 22 15 9 26
split_gain=1.14512e+06 55326.2 7157.34 3983.7 1854.9 1905.09 1605.15 1280.52 868.491
threshold=0.016740000000000005 0.28512433333333337 0.027125000000000003 0.12931000000000001 863.94761649259465 867.65605344297774 0.19418566666666667 0.098450000000000024 50.081387276194782
decision_type=2 2 2 2 2 2 2 2 2
left_child=-1 6 3 4 7 -6 -2 -3 -4
right_child=1 2 8 -5 5 -7 -8 -9 -10
leaf_value=10.493974027872085 -1.6596427988512761 0.23316241934082715 -0.78657544274763591 -0.35374409854837824 0.67707472848892181 0.069540932019551582 -1.0400063634599959 -0.24939953033129375 -0.30929181520144144
leaf_weight=7.9999999999999991 28 10.000000000000002 10.000000000000002 12.999999999999998 11.000000000000002 7.9999999999999991 12.999999999999998 7.9999999999999991 7.9999999999999991
leaf_count=8 28 10 10 13 11 8 13 8 8
internal_value=0.207069 -0.636456 -0.10605 0.0807557 0.238749 0.437613 -1.49265 0.0167732 -0.601971
internal_weight=117 109 68 50 37 19 41 18 18
internal_count=117 109 68 50 37 19 41 18 18
is_linear=0
shrinkage=0.03


Tree=31
num_leaves=9
num_cat=0
split_feature=19 2 16 15 11 25 19 0
split_gain=1.10999e+06 48912.9 5367.73 3927.69 5641.24 1421.65 1345.41 647.879
threshold=0.72595500000000013 1.2675800000000004 0.098534750000000018 0.45544950000000006 0.0016250000000000004 852.05000000000007 0.46320500000000003 0.10731
decision_type=2 2 2 2 2 2 2 2
left_child=1 2 -1 -3 6 -6 7 -5
right_child=-2 3 -4 4 5 -7 -8 -9
leaf_value=-1.6151808512551444 10.370621203621228 -0.47300434901714322 -0.85272690279232832 0.33400617048740361 -0.077340035786995512 -0.58400705083211257 0.59235619890689839 -0.015093251681327821
leaf_weight=27 7.9999999999999991 13.999999999999998 18 9.0000000000000053 12.000000000000002 7.9999999999999991 10.999999999999998 8.9999999999999982
leaf_count=27 8 14 18 9 12 8 11 9
internal_value=0.246526 -0.591656 -1.3354 -0.0478226 0.0806584 -0.298237 0.343247 0.16777
internal_weight=116 108 45 63 49 20 29 18
internal_count=116 108 45 63 49 20 29 18
is_linear=0
shrinkage=0.03


Tree=32
num_leaves=10
num_cat=0
split_feature=22 15 3 8 13 2 13 27 35
split_gain=1.12813e+06 37006.2 6005.54 2447.55 2010.66 1225.47 887.217 1920.64 538.537
threshold=862.86483802030193 0.28512433333333337 0.015185000000000002 0.5270800000000001 0.0046500000000000005 0.82018000000000002 0.005915000000000001 9.6793735136932817 -56.297391157091447
decision_type=2 2 2 2 2 2 2 2 2
left_child=-1 5 4 -4 -3 -2 8 -8 -6
right_child=1 2 3 -5 6 -7 7 -9 -10
leaf_value=10.369764345328012 -1.5700291868845622 -0.80661963283880178 0.42727956962585434 -0.20045161828994751 -0.3588692963520686 -0.99562269728524333 -0.76018511352539031 -0.11860891405741375 -0.051916453347674425
leaf_weight=7.9999999999999991 26 9.9999999999999982 12.000000000000002 8.9999999999999982 7.9999999999999991 12.999999999999998 9.0000000000000018 7.9999999999999991 13.000000000000002
leaf_count=8 26 10 12 9 8 13 9 8 13
internal_value=0.162728 -0.681534 -0.256495 0.161301 -0.438873 -1.40828 -0.323859 -0.481713 -0.179916
internal_weight=116 108 69 21 48 39 38 17 21
internal_count=116 108 69 21 48 39 38 17 21
is_linear=0
shrinkage=0.03


Tree=33
num_leaves=11
num_cat=0
split_feature=17 19 35 7 7 35 30 36 29 30
split_gain=1.1468e+06 30944.4 4844.24 3925.71 3166.61 2223.55 1249.72 1075.19 809.184 369.894
threshold=0.25041880400000005 0.16965000000000002 -84.684139733390836 0.11500500000000001 0.096470000000000014 -122.41664965017121 14.248679166976643 19.064029254381268 4038.8082731961426 16.621054027206707
decision_type=2 2 2 2 2 2 2 2 2 2
left_child=1 2 5 4 6 -1 -3 -5 -6 -4
right_child=-2 3 9 7 8 -7 -8 -9 -10 -11
leaf_value=-0.85690097579956048 10.443124720891317 -0.50772882525126117 -0.9152400087788698 -0.19861718187332147 0.50751342320442172 -1.6086477699279786 -0.0068404637932777401 -0.65069064147131772 0.092138451790809636 -0.52370784029960626
leaf_weight=8.9999999999999982 7.9999999999999991 8.0000000000000018 15.000000000000002 9.0000000000000018 8.0000000000000018 23 8.9999999999999982 12.999999999999998 8.9999999999999982 8.9999999999999982
leaf_count=9 8 8 15 9 8 23 9 13 9 9
internal_value=0.137825 -0.684157 -1.17653 -0.17976 0.0242726 -1.42964 -0.257748 -0.482493 0.305028 -0.795297
internal_weight=120 112 56 56 34 32 17 22 17 24
internal_count=120 112 56 56 34 32 17 22 17 24
is_linear=0
shrinkage=0.03


Tree=34
num_leaves=10
num_cat=0
split_feature=28 2 38 9 39 12 35 26 26
split_gain=1.12822e+06 25078.9 6712.42 3560.74 2644.92 2072.31 1938.51 269.973 122.823
threshold=27.600368555591881 1.3302000000000003 19.111666955453789 0.020610000000000007 2.2745723471800128 0.0023750000000000004 -33.486248340889851 54.582687807017543 66.990998175444119
decision_type=2 2 2 2 2 2 2 2 2
left_child=1 3 5 8 -4 6 -3 -5 -1
right_child=-2 2 4 7 -6 -7 -8 -9 -10
leaf_value=-1.5636676254272457 10.345013565858205 -0.36983609461784356 -0.93171654158372119 -0.98664875689419806 -0.29225929079736979 0.33967146829888217 0.18020668180882923 -0.60274481028776894 -1.052948022695688
leaf_weight=18.000000000000004 7.9999999999999991 12.999999999999998 12.000000000000002 10.000000000000002 12.999999999999998 10.999999999999998 9.0000000000000018 11.999999999999998 11.999999999999998
leaf_count=18 8 13 12 10 13 11 9 12 12
internal_value=0.130313 -0.699066 -0.262772 -1.17153 -0.623286 0.0206006 -0.146702 -0.812623 -1.39998
internal_weight=118 110 58 52 25 33 22 22 30
internal_count=118 110 58 52 25 33 22 22 30
is_linear=0
shrinkage=0.03


Tree=35
num_leaves=10
num_cat=0
split_feature=28 15 0 10 7 39 22 7 15
split_gain=1.15142e+06 24371.8 4840.45 3911.7 2290.63 1970.67 1400.63 711.685 447.525
threshold=26.925040793747744 0.28512433333333337 0.12377000000000002 0.023345000000000001 0.11500500000000001 2.2261793006805171 863.77150566761736 0.094530000000000017 0.19418566666666667
decision_type=2 2 2 2 2 2 2 2 2
left_child=1 8 3 4 6 7 -3 -5 -1
right_child=-2 2 -4 5 -6 -7 -8 -9 -10
leaf_value=-1.4075415859222413 10.491666579087575 3.7107087671756711e-05 -0.81353488864898671 -0.38313000981012951 -0.28433885175333573 -0.10022119388580322 0.50481479489803316 -0.86770526631673173 -0.93953750855582097
leaf_weight=25 7.9999999999999991 11.000000000000005 13.999999999999998 8.0000000000000053 11.999999999999998 8.9999999999999982 7.9999999999999991 7.9999999999999991 12.999999999999998
leaf_count=25 8 11 14 8 12 9 8 8 13
internal_value=0.179936 -0.673128 -0.332653 -0.200243 0.0264804 -0.471643 0.227264 -0.662295 -1.27567
internal_weight=116 108 70 56 31 25 19 16 38
internal_count=116 108 70 56 31 25 19 16 38
is_linear=0
shrinkage=0.03


Tree=36
num_leaves=10
num_cat=0
split_feature=14 15 0 10 36 2 8 29 39
split_gain=1.043e+06 20663.9 5711.65 3558.37 2351.07 2017.91 1377.46 467.575 422.647
threshold=72.296000000000006 0.3061113333333334 0.12484500000000001 0.023345000000000001 18.537959098288585 0.82484500000000016 0.36488500000000007 1582.9610437091937 2.15046875199124
decision_type=2 2 2 2 2 2 2 2 2
left_child=-1 5 3 4 6 7 -3 -2 -5
right_child=1 2 -4 8 -6 -7 -8 -9 -10
leaf_value=10.002246556917825 -0.93485273760015275 -0.040242141922314942 -0.87529133963584893 -0.53861096467971781 -0.22839679047837852 -0.79317583917316625 0.4631477217301726 -1.5029378542900085 -0.22153801027933756
leaf_weight=7.9999999999999991 10.000000000000002 8.0000000000000018 10.999999999999998 14.000000000000002 14.999999999999998 18 10.999999999999998 14.999999999999998 7.9999999999999991
leaf_count=8 10 8 11 14 15 18 11 15 8
internal_value=0.181292 -0.616621 -0.279996 -0.149733 0.0439498 -1.12281 0.259705 -1.32046 -0.438022
internal_weight=118 110 67 56 34 43 19 25 22
internal_count=118 110 67 56 34 43 19 25 22
is_linear=0
shrinkage=0.03


Tree=37
num_leaves=10
num_cat=0
split_feature=7 15 10 36 19 30 9 7 22
split_gain=1.02321e+06 28108.4 5209.58 5870.61 2542.4 1681.74 1670.51 650.983 1291.18
threshold=0.15133000000000005 0.28085016666666668 0.023630000000000002 18.537959098288585 0.71926000000000012 15.575005434838424 0.020610000000000007 0.07660500000000002 866.41822802030208
decision_type=2 2 2 2 2 2 2 2 2
left_child=1 6 3 5 -5 -3 -1 -4 -9
right_child=-2 2 7 4 -6 -7 -8 8 -10
leaf_value=-1.4315645868855138 9.8347616901397696 0.44883071754021292 -0.34679128690866318 -0.15133348107796443 -0.83477118555704755 -0.069851091152429573 -0.7840550085067749 -0.30240896924336735 -0.81849522026379895
leaf_weight=30 7.9999999999999991 13.000000000000002 11.999999999999998 12.000000000000002 7.9999999999999991 8.9999999999999982 8.9999999999999982 8.0000000000000018 17
leaf_count=30 8 13 12 12 8 9 9 8 17
internal_value=0.0820887 -0.656186 -0.3233 -0.0906199 -0.451513 0.242766 -1.30551 -0.57805 -0.671388
internal_weight=126 118 79 42 20 22 39 37 25
internal_count=126 118 79 42 20 22 39 37 25
is_linear=0
shrinkage=0.03


Tree=38
num_leaves=10
num_cat=0
split_feature=5 2 20 9 26 8 26 36 29
split_gain=1.08259e+06 18481.7 5759.15 8021.73 2616.7 2554.15 1312.7 1001.11 623.059
threshold=0.018605000000000003 0.84946500000000014 0.029950000000000001 0.17741000000000004 39.369458708577014 0.25948000000000004 43.664427938596511 11.172766606720634 1582.9610437091937
decision_type=2 2 2 2 2 2 2 2 2
left_child=-1 8 3 4 -3 -6 -7 -4 -2
right_child=1 2 7 -5 5 6 -8 -9 -10
leaf_value=10.181921797434489 -0.92088148862665309 -0.38784713850542896 -0.46777359638214089 -0.82762018504142765 -0.23659683550487859 0.60478823228677081 0.10413450169563294 -0.97122094573974593 -1.4956205736796062
leaf_weight=7.9999999999999991 10.000000000000002 10.999999999999998 9.0000000000000018 13.999999999999998 10.000000000000002 8.0000000000000018 10.999999999999998 13.999999999999998 17
leaf_count=8 10 11 9 14 10 8 11 14 17
internal_value=0.197828 -0.659821 -0.413171 -0.23597 -0.0137201 0.136338 0.33471 -0.801981 -1.3233
internal_weight=112 104 77 54 40 29 19 23 27
internal_count=112 104 77 54 40 29 19 23 27
is_linear=0
shrinkage=0.03


Tree=39
num_leaves=11
num_cat=0
split_feature=23 15 11 9 19 21 28 7 38 34
split_gain=1.02512e+06 22717.9 6020.99 3554.27 3636.94 1427.6 1850.03 1092.64 917.438 891.074
threshold=414.64873150000005 0.28085016666666668 0.0018950000000000002 0.069910000000000014 0.71926000000000012 720.25952600000016 22.16004788027988 0.07660500000000002 5.5443027329404702 68.097093499999986
decision_type=2 2 2 2 2 2 2 2 2 2
left_child=-1 8 3 7 5 -5 -7 -3 -2 -10
right_child=1 2 -4 4 -6 6 -8 -9 9 -11
leaf_value=9.8649124787648503 -0.81528904008865344 -0.24135869580507269 -1.0636187120676039 -0.16529045548183577 -0.59852301720778145 0.45624427315592747 -0.079578932420773935 -0.66434784150123594 -1.5123053910104851 -0.92756728935241695
leaf_weight=7.9999999999999991 10.999999999999998 11.000000000000002 7.9999999999999991 12.999999999999998 7.9999999999999991 12.000000000000002 9.9999999999999982 14.999999999999998 18.000000000000004 10.999999999999998
leaf_count=8 11 11 8 13 8 12 10 15 18 11
internal_value=0.106196 -0.639 -0.330121 -0.231076 -0.060147 0.0760761 0.219752 -0.501014 -1.211 -1.32887
internal_weight=125 117 77 69 43 35 22 26 40 29
internal_count=125 117 77 69 43 35 22 26 40 29
is_linear=0
shrinkage=0.03


Tree=40
num_leaves=11
num_cat=0
split_feature=21 15 11 11 7 39 30 0 9 38
split_gain=974943 18124.3 5592.97 7562.38 1022.09 1489.09 813.451 750.472 531.208 317.447
threshold=725.61214050000012 0.28085016666666668 0.0016950000000000001 0.0011650000000000002 0.07660500000000002 2.2261793006805171 13.668620051411255 0.12484500000000001 0.020610000000000007 5.5443027329404702
decision_type=2 2 2 2 2 2 2 2 2 2
left_child=1 8 3 4 -3 -6 -5 -4 9 -1
right_child=-2 2 7 6 5 -7 -8 -9 -10 -11
leaf_value=-0.87672808370590172 9.6341934146881094 -0.20426827797889704 -0.49089210859537102 0.032692126252821502 -0.80767013250078457 -0.24976350529988606 0.37814295704662798 -0.98249015951563001 -0.75338057263692215 -1.4033764017105101
leaf_weight=9.0000000000000018 7.9999999999999991 9.0000000000000018 9.0000000000000018 13.000000000000002 13.000000000000002 7.9999999999999991 10.999999999999998 9.9999999999999982 7.9999999999999991 19
leaf_count=9 8 9 9 13 13 8 11 10 8 19
internal_value=0.142073 -0.635833 -0.355701 -0.192773 -0.503256 -0.616216 0.199876 -0.785891 -1.17887 -1.27022
internal_weight=117 109 73 54 30 21 24 19 36 28
internal_count=117 109 73 54 30 21 24 19 36 28
is_linear=0
shrinkage=0.03


Tree=41
num_leaves=11
num_cat=0
split_feature=22 2 11 10 35 4 26 27 11 14
split_gain=1.04167e+06 12827.6 7581.85 6267.21 1269.04 1126.27 1073.63 976.437 971.608 771.876
threshold=862.1645597157484 0.84946500000000014 0.0016950000000000001 0.023630000000000002 -122.41664965017121 0.0040050000000000007 57.695343640350885 7.9329742403765735 0.00046500000000000003 88.972000000000023
decision_type=2 2 2 2 2 2 2 2 2 2
left_child=-1 4 3 6 -2 -4 9 8 -5 -3
right_child=1 2 5 7 -6 -7 -8 -9 -10 -11
leaf_value=9.9299471909205099 -0.73164679155349699 -0.059415137410163826 -1.0831578812599181 -0.18126848998936729 -1.3316509228581968 -0.52041076008478804 -0.22656421526273093 -0.85616680685679103 -0.59477176911490293 0.30862464864372918
leaf_weight=7.9999999999999991 9.0000000000000018 8.0000000000000053 15.000000000000002 10.000000000000005 22 7.9999999999999991 7.9999999999999991 7.9999999999999991 12.999999999999998 11.999999999999998
leaf_count=8 9 8 15 10 22 8 8 8 13 12
internal_value=0.105007 -0.671554 -0.465177 -0.276541 -1.18581 -0.917322 0.0494933 -0.563414 -0.430094 0.165518
internal_weight=121 113 82 59 31 23 28 31 23 20
internal_count=121 113 82 59 31 23 28 31 23 20
is_linear=0
shrinkage=0.03


Tree=42
num_leaves=9
num_cat=0
split_feature=19 15 38 19 1 18 7 19
split_gain=971978 15496.5 6047.7 5168.9 3892.63 1696.27 932.806 228.859
threshold=0.72595500000000013 0.28512433333333337 19.111666955453789 0.36578000000000005 0.51932000000000011 0.45204500000000003 0.078455000000000011 0.092085000000000014
decision_type=2 2 2 2 2 2 2 2
left_child=1 7 3 6 -4 -5 -3 -1
right_child=-2 2 4 5 -6 -7 -8 -9
leaf_value=-1.2012990071296692 9.6197908953229589 -0.19960152146816246 -0.34281363433599465 -0.10160096216201779 -1.073765384878431 0.39712592952985026 -0.62375305386951985 -0.7448936627705891
leaf_weight=29 7.9999999999999991 9.0000000000000018 15.000000000000002 11.000000000000002 12.999999999999998 11.999999999999998 12.999999999999998 7.9999999999999991
leaf_count=29 8 9 15 11 13 12 13 8
internal_value=0.138851 -0.631112 -0.369018 -0.147535 -0.70756 0.164247 -0.466524 -1.12486
internal_weight=118 110 73 45 28 23 22 37
internal_count=118 110 73 45 28 23 22 37
is_linear=0
shrinkage=0.03


Tree=43
num_leaves=12
num_cat=0
split_feature=38 0 8 7 20 21 27 29 14 30 36
split_gain=983225 9933.76 9118.33 5443.11 5736.14 1789.24 1346.84 999.259 982.629 888.728 136.913
threshold=5.0484608390443482 0.057925000000000011 0.5537200000000001 0.12931000000000001 0.027915000000000006 720.25952600000016 5.2520630805623041 4709.927854612085 88.972000000000023 15.835406543870601 11.57919176276731
decision_type=2 2 2 2 2 2 2 2 2 2 2
left_child=-1 6 3 4 5 -3 -2 -5 -7 10 -6
right_child=1 2 -4 7 9 8 -8 -9 -10 -11 -12
leaf_value=9.6931552193959547 -0.67594187482198054 -0.18922863047463553 -1.227566729068756 -0.47007361018657678 -0.41043030007680226 0.03075101709365843 -1.3242962015937356 -1.0499925842285156 0.44513493714549318 -0.21982743988037109 -0.71773616361618042
leaf_weight=7.9999999999999991 8.0000000000000018 12.999999999999998 10.999999999999998 7.9999999999999991 8.0000000000000053 10.000000000000002 15.999999999999998 7.9999999999999991 9.9999999999999982 8.9999999999999982 10.999999999999998
leaf_count=8 8 13 11 8 8 10 16 8 10 9 11
internal_value=0.151244 -0.610056 -0.453223 -0.328263 -0.192273 0.0760454 -1.14392 -0.804829 0.249345 -0.500275 -0.61541
internal_weight=120 112 88 77 61 33 24 16 20 28 19
internal_count=120 112 88 77 61 33 24 16 20 28 19
is_linear=0
shrinkage=0.03


end of trees

feature_importances:
Column_15=28
Column_2=21
Column_7=21
Column_16=21
Column_0=20
Column_22=19
Column_9=17
Column_19=16
Column_8=13
Column_26=12
Column_35=12
Column_11=11
Column_10=10
Column_21=10
Column_14=9
Column_17=9
Column_23=9
Column_30=9
Column_3=8
Column_28=8
Column_39=8
Column_1=7
Column_5=7
Column_27=7
Column_36=7
Column_12=6
Column_20=5
Column_29=5
Column_34=5
Column_38=5
Column_4=4
Column_25=4
Column_13=3
Column_18=3
Column_24=1

parameters:
[boosting: gbdt]
[objective: regression]
[metric: l2]
[tree_learner: serial]
[device_type: cpu]
[data_sample_strategy: bagging]
[data: ]
[valid: ]
[num_iterations: 44]
[learning_rate: 0.03]
[num_leaves: 15]
[num_threads: 1]
[seed: 20260723]
[deterministic: 1]
[force_col_wise: 1]
[force_row_wise: 0]
[histogram_pool_size: -1]
[max_depth: -1]
[min_data_in_leaf: 8]
[min_sum_hessian_in_leaf: 0.001]
[bagging_fraction: 0.85]
[pos_bagging_fraction: 1]
[neg_bagging_fraction: 1]
[bagging_freq: 1]
[bagging_seed: 20260723]
[bagging_by_query: 0]
[feature_fraction: 0.85]
[feature_fraction_bynode: 1]
[feature_fraction_seed: 20260723]
[extra_trees: 0]
[extra_seed: 20591]
[early_stopping_round: 0]
[early_stopping_min_delta: 0]
[first_metric_only: 0]
[max_delta_step: 0]
[lambda_l1: 0.05]
[lambda_l2: 1]
[linear_lambda: 0]
[min_gain_to_split: 0.0001]
[drop_rate: 0.1]
[max_drop: 50]
[skip_drop: 0.5]
[xgboost_dart_mode: 0]
[uniform_drop: 0]
[drop_seed: 9722]
[top_rate: 0.2]
[other_rate: 0.1]
[min_data_per_group: 100]
[max_cat_threshold: 32]
[cat_l2: 10]
[cat_smooth: 10]
[max_cat_to_onehot: 4]
[top_k: 20]
[monotone_constraints: ]
[monotone_constraints_method: basic]
[monotone_penalty: 0]
[feature_contri: ]
[forcedsplits_filename: ]
[refit_decay_rate: 0.9]
[cegb_tradeoff: 1]
[cegb_penalty_split: 0]
[cegb_penalty_feature_lazy: ]
[cegb_penalty_feature_coupled: ]
[path_smooth: 0]
[interaction_constraints: ]
[verbosity: -1]
[saved_feature_importance_type: 0]
[use_quantized_grad: 0]
[num_grad_quant_bins: 4]
[quant_train_renew_leaf: 0]
[stochastic_rounding: 1]
[linear_tree: 0]
[max_bin: 127]
[max_bin_by_feature: ]
[min_data_in_bin: 3]
[bin_construct_sample_cnt: 200000]
[data_random_seed: 20260723]
[is_enable_sparse: 1]
[enable_bundle: 1]
[use_missing: 1]
[zero_as_missing: 0]
[feature_pre_filter: 1]
[pre_partition: 0]
[two_round: 0]
[header: 0]
[label_column: ]
[weight_column: ]
[group_column: ]
[ignore_column: ]
[categorical_feature: ]
[forcedbins_filename: ]
[precise_float_parser: 0]
[parser_config_file: ]
[objective_seed: 5935]
[num_class: 1]
[is_unbalance: 0]
[scale_pos_weight: 1]
[sigmoid: 1]
[boost_from_average: 1]
[reg_sqrt: 0]
[alpha: 0.9]
[fair_c: 1]
[poisson_max_delta_step: 0.7]
[tweedie_variance_power: 1.5]
[lambdarank_truncation_level: 30]
[lambdarank_norm: 1]
[label_gain: ]
[lambdarank_position_bias_regularization: 0]
[eval_at: ]
[multi_error_top_k: 1]
[auc_mu_weights: ]
[num_machines: 1]
[local_listen_port: 12400]
[time_out: 120]
[machine_list_filename: ]
[machines: ]
[gpu_platform_id: -1]
[gpu_device_id: -1]
[gpu_device_id_list: ]
[gpu_use_dp: 0]
[num_gpu: 1]

end of parameters

pandas_categorical:null
