tree
version=v4
num_class=1
num_tree_per_iteration=1
label_index=0
max_feature_idx=40
objective=regression
feature_names=Column_0 Column_1 Column_2 Column_3 Column_4 Column_5 Column_6 Column_7 Column_8 Column_9 Column_10 Column_11 Column_12 Column_13 Column_14 Column_15 Column_16 Column_17 Column_18 Column_19 Column_20 Column_21 Column_22 Column_23 Column_24 Column_25 Column_26 Column_27 Column_28 Column_29 Column_30 Column_31 Column_32 Column_33 Column_34 Column_35 Column_36 Column_37 Column_38 Column_39 Column_40
feature_infos=[0.024969999999999992:3.2000000000000002] [0.12012:0.65407999999999999] [0.58059000000000005:2.10806] [0.0070600000000000003:0.018499999999999999] [0.0016500000000000004:0.0083000000000000001] [0.013350000000000001:0.050299999999999997] none [0.0085800000000000043:0.17138999999999999] [0:0.60048000000000001] [0:0.19581000000000001] [0:0.050279999999999991] [0:0.0025600000000000002] [0.00076000000000000004:0.0035699999999999998] [0.0024399999999999999:0.0083000000000000001] [0.13935900000000001:3.6819156666666673] [0.069267999999999996:3.3696631666666668] [0.019020128400000003:6.2119999999999997] [0.16011:0.66847000000000001] [0.0014899999999999913:0.79629000000000005] [0:0.051189999999999999] [716.01038900000003:728.53581999999994] [578.94624945403416:887.67561891398418] [-884.62820499999998:506.49418699999995] [0:0.0276396] [720.89999999999998:875.79999999999995] [2.1417900000003556:137.40225520002201] [4.1385069476315399:292.72887396349279] [3.8839464865410882:586.55144230574024] [1053.5963477287455:107214.84243794132] [0:20.799352463556257] [0:1] [1:3] none [1.5508940000000848:149.28860099999986] [-161.7231228887623:260.15375054596586] [0.28821001446401695:471.11196000550206] none [0:471.11196000550206] [1.0554723151317358:74.838009449953418] none none
tree_sizes=882 904 791 1003 895 911 890 1009 921 1023 1114 1120 1007 1002 988 1123 1017 1213 1220 1112 1025 1127 1212 1019 927 1319 1121 1332 1095 1233 1211 1215 1104 1116 1130 1324 1123 1421 1232 1325 1312 1226 1006 1328 1127 1100 1322 1320 1216 1424

Tree=0
num_leaves=8
num_cat=0
split_feature=0 15 9 26 5 5 15
split_gain=1642.28 137.518 70.6931 7.1756 6.54914 0.403807 0.360035
threshold=0.084080000000000016 0.098534750000000018 0.13208500000000004 7.9329742403765735 0.028555000000000004 0.027310000000000004 0.15100358333333333
decision_type=2 2 2 2 2 2 2
left_child=1 -1 3 -2 -5 -4 -3
right_child=2 6 5 4 -6 -7 -8
leaf_value=42.553264253437938 42.347320275826426 42.464738783628164 42.241945170710899 42.33604488296352 42.294506540726047 42.277752445823374 42.424527656346974
leaf_weight=31 9.0000000000000018 22.000000000000004 17.000000000000004 7.9999999999999991 7.9999999999999991 13.999999999999998 7.9999999999999991
leaf_count=31 9 22 17 8 8 14 8
internal_value=42.4016 42.5082 42.2849 42.3244 42.3128 42.2551 42.4566
internal_weight=117 61 56 25 16 31 30
internal_count=117 61 56 25 16 31 30
is_linear=0
shrinkage=1


Tree=1
num_leaves=8
num_cat=0
split_feature=1 0 15 9 24 14 10
split_gain=5582.63 1428.57 150.22 49.3936 9.54893 6.60105 3.77469
threshold=0.55441000000000018 0.084080000000000016 0.098534750000000018 0.11204000000000001 818.6500000000002 0.31461583333333337 0.016845000000000002
decision_type=2 2 2 2 2 2 2
left_child=1 2 -1 4 -3 -4 -6
right_child=-2 3 5 -5 6 -7 -8
leaf_value=0.19632185044884679 -0.72403595987955727 -0.057473637898762996 0.10790578269416634 -0.091628149463070768 -0.030440476959943757 0.060887717878818512 -0.0030698326047509904
leaf_weight=31 7.9999999999999991 8.0000000000000018 21.000000000000004 26 9.0000000000000018 8.9999999999999982 8.9999999999999982
leaf_count=31 8 8 21 26 9 9 9
internal_value=-0.00474628 0.0520682 0.149486 -0.0628458 -0.0316802 0.0962679 -0.017716
internal_weight=121 113 61 52 26 30 18
internal_count=121 113 61 52 26 30 18
is_linear=0
shrinkage=0.03


Tree=2
num_leaves=7
num_cat=0
split_feature=0 15 9 24 38 33
split_gain=1408.29 136.338 50.8549 9.37327 6.39695 4.00332
threshold=0.084080000000000016 0.098534750000000018 0.13208500000000004 822.50000000000011 2.2143997393549806 108.19893100000003
decision_type=2 2 2 2 2 2
left_child=1 -1 3 -2 -4 -5
right_child=2 -3 4 5 -6 -7
leaf_value=0.18788405109273976 -0.056215108609199503 0.090411023451435951 -0.063504527026414861 -0.0015105790390322598 -0.10313481971195766 -0.029808810385790738
leaf_weight=28 9.0000000000000018 30 13.999999999999998 8.0000000000000018 20 9.9999999999999982
leaf_count=28 9 30 14 8 20 10
internal_value=0.0351945 0.139879 -0.0649684 -0.0323801 -0.08914 -0.0180522
internal_weight=119 58 61 27 34 18
internal_count=119 58 61 27 34 18
is_linear=0
shrinkage=0.03


Tree=3
num_leaves=9
num_cat=0
split_feature=16 0 14 9 7 8 10 24
split_gain=5121.57 1312.68 93.2206 51.5005 9.54075 9.53296 9.17932 4.40374
threshold=0.25781765970000003 0.069270000000000012 0.19823300000000002 0.13208500000000004 0.096470000000000014 0.11522 0.023345000000000001 822.50000000000011
decision_type=2 2 2 2 2 2 2 2
left_child=1 2 -1 4 -3 -4 -5 -6
right_child=-2 3 5 6 7 -7 -8 -9
leaf_value=0.18128554408780989 -0.7025694873332976 -0.003308582555163989 0.10963325522343316 -0.10075375474126715 -0.054697301781177494 0.055508719027042387 -0.05587477315389193 -0.021229566237330435
leaf_weight=30 7.9999999999999991 10.000000000000002 17.000000000000004 18.000000000000004 9.0000000000000018 7.9999999999999991 11.999999999999998 8.9999999999999982
leaf_count=30 8 10 17 18 9 8 12 9
internal_value=-0.0136857 0.0408068 0.144568 -0.058345 -0.0275401 0.0951722 -0.085232 -0.0400405
internal_weight=121 113 55 58 28 25 30 18
internal_count=121 113 55 58 28 25 30 18
is_linear=0
shrinkage=0.03


Tree=4
num_leaves=8
num_cat=0
split_feature=15 0 14 20 10 27 13
split_gain=4907.98 1250.46 91.8329 38.0753 5.65506 5.47224 1.07193
threshold=0.29371150000000007 0.084080000000000016 0.19823300000000002 722.25561450000009 0.016845000000000002 12.893813615917994 0.0066250000000000007
decision_type=2 2 2 2 2 2 2
left_child=1 2 -1 4 -3 -4 -5
right_child=-2 3 5 6 -6 -7 -8
leaf_value=0.17909115287661551 -0.68170349790652585 -0.039270687767437515 0.061765110290050475 -0.05992216958025734 -0.0084326053820550449 0.10831240089734395 -0.090449169794718426
leaf_weight=31 7.9999999999999991 13.000000000000002 9.0000000000000018 13.000000000000002 9.9999999999999982 17 17
leaf_count=31 8 13 9 13 10 17 17
internal_value=-0.00796793 0.0467175 0.143124 -0.0576675 -0.0268353 0.0951398 -0.0796289
internal_weight=118 110 57 53 23 26 30
internal_count=118 110 57 53 23 26 30
is_linear=0
shrinkage=0.03


Tree=5
num_leaves=8
num_cat=0
split_feature=34 0 15 20 13 14 28
split_gain=5046.31 1144.19 118.942 27.1404 5.22388 2.29635 1.18712
threshold=-4.4513294524876441 0.084080000000000016 0.098534750000000018 722.25561450000009 0.0061600000000000014 0.31461583333333337 3687.8920506742661
decision_type=2 2 2 2 2 2 2
left_child=1 2 -1 4 -3 -4 -6
right_child=-2 3 5 -5 6 -7 -8
leaf_value=0.17604999110277958 -0.68519142015775036 -0.0069382660984992949 0.096663544714450822 -0.073664975753852308 -0.047273957570393876 0.057647041122118631 -0.023644858141740163
leaf_weight=33 7.9999999999999991 8.0000000000000018 23.000000000000004 27 7.9999999999999991 7.9999999999999991 7.9999999999999991
leaf_count=33 8 8 23 27 8 8 8
internal_value=-0.000863772 0.0522251 0.135807 -0.0532276 -0.0281485 0.0887578 -0.0376335
internal_weight=123 115 64 51 24 31 16
internal_count=123 115 64 51 24 31 16
is_linear=0
shrinkage=0.03


Tree=6
num_leaves=8
num_cat=0
split_feature=8 0 15 20 26 8 4
split_gain=4797.88 1010.41 94.8602 31.6457 14.6995 4.50221 2.2149
threshold=0.55734500000000009 0.069270000000000012 0.098534750000000018 722.25561450000009 7.2142744580365639 0.11522 0.0038300000000000005
decision_type=2 2 2 2 2 2 2
left_child=1 2 -1 4 -3 -4 -6
right_child=-2 3 5 -5 6 -7 -8
leaf_value=0.17171163631254624 -0.6737937032332022 0.011968719055255249 0.10020346596311119 -0.067561430614570095 -0.020570993958413594 0.05852616068178957 -0.046145209586620321
leaf_weight=30 7.9999999999999991 8.0000000000000018 16.000000000000004 28 9.0000000000000018 9.9999999999999982 8.9999999999999982
leaf_count=30 8 8 16 28 9 10 9
internal_value=-0.00765597 0.0464107 0.134619 -0.0458223 -0.0207201 0.0869906 -0.0351927
internal_weight=118 110 56 54 26 26 18
internal_count=118 110 56 54 26 26 18
is_linear=0
shrinkage=0.03


Tree=7
num_leaves=9
num_cat=0
split_feature=7 2 15 20 38 1 8 29
split_gain=4788.5 857.597 71.6858 22.4856 14.1068 7.04026 2.52305 1.68804
threshold=0.15133000000000005 1.3808300000000002 0.098534750000000018 722.25561450000009 1.8035624171914642 0.55047000000000013 0.34447500000000003 15.835406543870601
decision_type=2 2 2 2 2 2 2 2
left_child=1 2 -1 4 -3 -5 -6 -4
right_child=-2 3 7 5 6 -7 -8 -9
leaf_value=0.16324075619927766 -0.68021868987878165 0.01073890544325113 0.093956296001161815 -0.06891331486701964 -0.045160618937015513 -0.030627041494846342 -0.019571861630136314 0.055142928153276434
leaf_weight=28 7.9999999999999991 9.0000000000000018 13.000000000000002 19.000000000000004 9.0000000000000018 8.9999999999999982 9.9999999999999982 7.9999999999999991
leaf_count=28 8 9 13 19 9 9 10 8
internal_value=-0.015968 0.0405671 0.130973 -0.0394218 -0.0192934 -0.0581392 -0.0334198 0.082417
internal_weight=113 105 49 56 28 28 19 21
internal_count=113 105 49 56 28 28 19 21
is_linear=0
shrinkage=0.03


Tree=8
num_leaves=8
num_cat=0
split_feature=0 14 20 38 20 12 14
split_gain=963.149 76.7467 28.9917 12.1521 7.91181 3.98056 0.401455
threshold=0.069270000000000012 0.28512433333333337 723.0635655000001 1.8035624171914642 725.55515900000012 0.0018950000000000002 0.60973966666666668
decision_type=2 2 2 2 2 2 2
left_child=1 -1 3 -2 6 -5 -4
right_child=2 -3 4 5 -6 -7 -8
leaf_value=0.15642573573039126 0.010448955430090423 0.070804974475327659 -0.08450433533841907 -0.046024024327596003 -0.035537096111820293 -0.017289467926536285 -0.05188467643260955
leaf_weight=38 9.0000000000000018 15.999999999999998 10.000000000000005 8.0000000000000018 11.999999999999998 12.999999999999998 8.9999999999999982
leaf_count=38 9 16 10 8 12 13 9
internal_value=0.0417037 0.132833 -0.0397848 -0.0177993 -0.059793 -0.0298986 -0.0724947
internal_weight=115 54 61 30 31 21 19
internal_count=115 54 61 30 31 21 19
is_linear=0
shrinkage=0.03


Tree=9
num_leaves=9
num_cat=0
split_feature=16 18 15 9 26 4 24 1
split_gain=4533.03 822.252 67.9152 20.437 11.958 6.09984 4.67012 0.676373
threshold=0.25041880400000005 0.16965000000000002 0.098534750000000018 0.13208500000000004 7.6600510419573231 0.0040050000000000007 822.50000000000011 0.27962500000000007
decision_type=2 2 2 2 2 2 2 2
left_child=1 2 -1 4 -3 -5 -6 -4
right_child=-2 3 7 5 6 -7 -8 -9
leaf_value=0.15442736042567659 -0.65096249882380164 0.0096109932376579766 0.096533830046653724 -0.032863940996619365 -0.046263733545939101 -0.067587200307846082 -0.014685883551836015 0.063014211978231149
leaf_weight=34 7.9999999999999991 10.000000000000002 11.000000000000002 12.000000000000002 8.0000000000000018 13.999999999999998 10.999999999999998 12.999999999999998
leaf_count=34 8 10 11 12 8 14 11 13
internal_value=-0.00279527 0.0483872 0.126247 -0.0344808 -0.0162294 -0.0534274 -0.0297052 0.0816842
internal_weight=121 113 58 55 29 26 19 24
internal_count=121 113 58 55 29 26 19 24
is_linear=0
shrinkage=0.03


Tree=10
num_leaves=10
num_cat=0
split_feature=7 9 15 20 26 17 28 14 8
split_gain=4487.44 794.695 74.0074 20.9919 7.82164 5.88602 3.74604 1.898 0.182711
threshold=0.15133000000000005 0.046770000000000006 0.098534750000000018 722.25561450000009 7.6600510419573231 0.58010000000000017 3687.8920506742661 0.31461583333333337 0.5537200000000001
decision_type=2 2 2 2 2 2 2 2 2
left_child=1 2 -1 4 -3 8 -6 -4 -5
right_child=-2 3 7 5 6 -7 -8 -9 -10
leaf_value=0.1502004649043083 -0.65586264473944889 0.0065829443956414834 0.084456205284909186 -0.069454995453357676 -0.042670121033986388 -0.0267625494201978 -0.014672553612635687 0.049430197125921643 -0.042823804656664521
leaf_weight=31 7.9999999999999991 8.0000000000000018 18.000000000000004 15.000000000000005 8.0000000000000018 7.9999999999999991 11.999999999999998 7.9999999999999991 7.9999999999999991
leaf_count=31 8 8 18 15 8 8 12 8 8
internal_value=-0.0104112 0.0393151 0.118258 -0.0376264 -0.0177768 -0.0543924 -0.0274416 0.0759644 -0.0624248
internal_weight=124 116 57 59 28 31 20 26 23
internal_count=124 116 57 59 28 31 20 26 23
is_linear=0
shrinkage=0.03


Tree=11
num_leaves=10
num_cat=0
split_feature=1 9 15 0 0 29 7 14 10
split_gain=4470.62 754.005 68.7143 13.2692 6.66347 6.46671 6.41079 6.22541 0.826277
threshold=0.55441000000000018 0.046770000000000006 0.098534750000000018 0.12072500000000001 0.13013500000000003 12.971040863802616 0.12931000000000001 0.31461583333333337 0.014685000000000002
decision_type=2 2 2 2 2 2 2 2 2
left_child=1 2 -1 5 -5 -3 8 -4 -7
right_child=-2 3 7 4 -6 6 -8 -9 -10
leaf_value=0.14788011091947553 -0.65330061529080075 -0.046172535216808315 0.08712369873649195 -0.072995509982109047 -0.031806836342811576 -0.033603549903631187 0.0038215647362172603 0.043930855793257548 -0.015847143371899922
leaf_weight=31 7.9999999999999991 8.9999999999999982 18.000000000000004 11.000000000000002 8.9999999999999982 9.0000000000000053 8.9999999999999982 7.9999999999999991 7.9999999999999991
leaf_count=31 8 9 18 11 9 9 9 8 8
internal_value=-0.00987188 0.0414487 0.116998 -0.0375122 -0.0569293 -0.0251019 -0.0163127 0.0760084 -0.0266755
internal_weight=120 112 57 55 20 35 26 26 17
internal_count=120 112 57 55 20 35 26 26 17
is_linear=0
shrinkage=0.03


Tree=12
num_leaves=9
num_cat=0
split_feature=18 22 9 27 29 12 11 27
split_gain=4321.9 756.185 44.0122 16.2577 11.2062 7.1419 5.87273 2.1181
threshold=0.72595500000000013 468.91088550000006 0.023570000000000004 18.261709758079046 12.672537297011129 0.0026200000000000004 0.0014550000000000001 12.893813615917994
decision_type=2 2 2 2 2 2 2 2
left_child=1 3 -3 -1 -5 6 -6 -4
right_child=-2 2 7 4 5 -7 -8 -9
leaf_value=-0.0014744402872255214 -0.64037352379659807 0.14354106469835551 0.052884703318277972 -0.065743305114599374 -0.01446526690324147 -0.0063739786505699163 -0.048173489242792127 0.091739072952951708
leaf_weight=11.999999999999998 7.9999999999999991 34 8.0000000000000018 11.999999999999998 8.0000000000000018 8.9999999999999982 17 12.999999999999998
leaf_count=12 8 34 8 12 8 9 17 13
internal_value=-0.00751636 0.0424988 0.121201 -0.0328963 -0.0408556 -0.0304014 -0.0384158 0.0800822
internal_weight=121 113 55 58 46 34 25 21
internal_count=121 113 55 58 46 34 25 21
is_linear=0
shrinkage=0.03


Tree=13
num_leaves=9
num_cat=0
split_feature=22 14 29 19 29 19 5 15
split_gain=683.302 33.9961 19.9703 15.8515 5.5734 7.64875 3.29745 1.91949
threshold=468.91088550000006 0.28085016666666668 12.672537297011129 0.025890000000000003 15.575005434838424 0.016030000000000003 0.026830000000000003 0.14681925000000004
decision_type=2 2 2 2 2 2 2 2
left_child=2 -2 -1 4 5 -4 -6 -3
right_child=1 7 3 -5 6 -7 -8 -9
leaf_value=-0.055843185106913253 0.13065726211908699 0.04969444114565847 -0.01414742884852669 0.011057974692147513 -0.024340281522274007 -0.050235001528263087 0.0011896894276142121 0.086671679234504695
leaf_weight=17 36 9.0000000000000018 10.000000000000002 11.999999999999998 9.0000000000000018 13.999999999999998 7.9999999999999991 8.9999999999999982
leaf_count=17 36 9 10 12 9 14 8 9
internal_value=0.0335577 0.112745 -0.0282361 -0.0184831 -0.0272224 -0.0364259 -0.0128442 0.0718506
internal_weight=124 54 70 53 41 24 17 18
internal_count=124 54 70 53 41 24 17 18
is_linear=0
shrinkage=0.03


Tree=14
num_leaves=9
num_cat=0
split_feature=34 0 15 12 8 23 1 7
split_gain=4283.86 550.587 68.1171 11.1449 7.87716 6.91651 4.44268 6.68296
threshold=-4.4513294524876441 0.084080000000000016 0.098534750000000018 0.0026200000000000004 0.11522 1.0000000180025095e-35 0.54818 0.10450500000000001
decision_type=2 2 2 2 2 2 2 2
left_child=1 2 -1 5 -4 6 7 -3
right_child=-2 3 4 -5 -6 -7 -8 -9
leaf_value=0.13395894265174865 -0.63235369398196528 -0.01853975973129272 0.079550906333327287 0.0042081658731807359 0.038985006826506415 -0.0072676434963941574 -0.014331277151902517 -0.053575523863236107
leaf_weight=35 7.9999999999999991 9.0000000000000018 19.000000000000004 9.9999999999999982 9.9999999999999982 9.9999999999999982 7.9999999999999991 17
leaf_count=35 8 9 19 10 10 10 8 17
internal_value=-0.0012693 0.0464578 0.105313 -0.0239162 0.0673784 -0.0302929 -0.0366211 -0.0426391
internal_weight=126 118 64 54 29 44 34 26
internal_count=126 118 64 54 29 44 34 26
is_linear=0
shrinkage=0.03


Tree=15
num_leaves=10
num_cat=0
split_feature=26 9 14 10 20 15 7 13 9
split_gain=4145.98 486.753 40.9069 10.8955 10.5915 4.84417 1.92185 1.72748 0.518011
threshold=11.294627476325891 0.046770000000000006 0.28085016666666668 0.023345000000000001 723.0635655000001 0.28928050000000011 0.07660500000000002 0.0061600000000000014 0.020610000000000007
decision_type=2 2 2 2 2 2 2 2 2
left_child=1 2 8 4 7 -6 -4 -3 -1
right_child=-2 3 6 -5 5 -7 -8 -9 -10
leaf_value=0.12691130341423884 -0.63364019775390623 -0.010020987173373045 0.042105105493217693 -0.0050493614315986635 -0.069499073481559731 -0.030345395445823667 0.073009393787384025 -0.028508079446279082 0.082502345180511458
leaf_weight=26 7.9999999999999991 10.000000000000002 11.000000000000002 13.999999999999998 9.0000000000000018 7.9999999999999991 8.9999999999999982 11.999999999999998 8.9999999999999982
leaf_count=26 8 10 11 14 9 8 9 12 9
internal_value=-0.0148885 0.0363239 0.0980622 -0.0283458 -0.0363359 -0.0538666 0.0588979 -0.0209711 0.118142
internal_weight=116 108 55 53 39 17 20 22 35
internal_count=116 108 55 53 39 17 20 22 35
is_linear=0
shrinkage=0.03


Tree=16
num_leaves=9
num_cat=0
split_feature=5 0 15 1 5 9 10 4
split_gain=4236.02 522.188 42.7006 12.2268 8.06301 7.89707 6.20797 1.68791
threshold=0.016740000000000005 0.084080000000000016 0.098534750000000018 0.54818 0.023860000000000003 0.11204000000000001 0.032400000000000005 0.0038300000000000005
decision_type=2 2 2 2 2 2 2 2
left_child=-1 2 -2 4 -3 7 -4 -6
right_child=1 3 6 -5 5 -7 -8 -9
leaf_value=-0.63350111358116057 0.12501713067463463 -0.0064182778358459472 0.043997880324721322 -0.00086807322129607198 -0.011908232255280014 -0.055276509359478948 0.082403243064880366 -0.032929331004619596
leaf_weight=7.9999999999999991 34 8.9999999999999982 11.000000000000002 14.999999999999998 9.0000000000000018 14.999999999999998 15.999999999999998 7.9999999999999991
leaf_count=8 34 9 11 15 9 15 16 8
internal_value=-0.00617479 0.0417118 0.101733 -0.0242797 -0.0325846 -0.0394809 0.0689403 -0.0231637
internal_weight=125 117 61 56 41 32 27 17
internal_count=125 117 61 56 41 32 27 17
is_linear=0
shrinkage=0.03


Tree=17
num_leaves=11
num_cat=0
split_feature=21 22 14 19 3 7 38 29 15 24
split_gain=4050.78 433.686 39.6106 17.8703 10.1586 10.0886 3.69366 3.15977 2.54204 0.934371
threshold=862.1645597157484 468.91088550000006 0.28085016666666668 0.029950000000000001 0.015395000000000001 0.11500500000000001 2.2745723471800128 14.484766770419087 0.14681925000000004 790.90000000000009
decision_type=2 2 2 2 2 2 2 2 2 2
left_child=-1 3 9 4 5 7 -7 -2 -4 -3
right_child=1 2 8 -5 -6 6 -8 -9 -10 -11
leaf_value=-0.61653159249822298 -0.04028425342440603 0.12801545937061309 0.042207549057223556 0.022359616032242777 -0.043713641766990927 0.014510579121383748 -0.011402870357036592 -0.012330213725566865 0.075518118771639733 0.083020167088508595
leaf_weight=7.9999999999999991 9.0000000000000018 29 10.000000000000002 8.9999999999999982 12.999999999999998 10.000000000000002 7.9999999999999991 7.9999999999999991 9.9999999999999982 8.9999999999999982
leaf_count=8 9 29 10 9 13 10 8 8 10 9
internal_value=-0.00343028 0.0441546 0.101189 -0.0145986 -0.0218738 -0.0127312 0.00292055 -0.0286286 0.0617373 0.119799
internal_weight=123 115 58 57 48 35 18 17 20 38
internal_count=123 115 58 57 48 35 18 17 20 38
is_linear=0
shrinkage=0.03


Tree=18
num_leaves=11
num_cat=0
split_feature=27 22 14 25 7 19 10 10 35 25
split_gain=4141.89 427.179 38.5107 18.4994 13.3532 6.71717 6.03816 3.15309 1.58242 0.723559
threshold=27.600368555591881 468.91088550000006 0.19418566666666667 48.325260263157901 0.096470000000000014 0.018475000000000002 0.023345000000000001 0.011200000000000002 18.537959098288585 68.589623148148178
decision_type=2 2 2 2 2 2 2 2 2 2
left_child=1 3 -3 4 -1 7 -5 -6 -7 -4
right_child=-2 2 9 6 5 8 -8 -9 -10 -11
leaf_value=0.0039097093716263772 -0.62947756135463706 0.12165495533943177 0.073986394438147529 -0.0056484576076269132 -0.030232247352600081 -0.057879463473955763 0.028482185194889698 -0.0043177689671516414 -0.03231583057000087 0.046107356107234952
leaf_weight=10.999999999999998 7.9999999999999991 29 19.000000000000004 9.0000000000000018 8.0000000000000018 8.0000000000000018 7.9999999999999991 8.9999999999999982 11.999999999999998 8.9999999999999982
leaf_count=11 8 29 19 9 8 8 8 9 12 9
internal_value=-0.0082776 0.0372312 0.0964388 -0.0153412 -0.0247423 -0.0331787 0.0110197 -0.0175982 -0.044882 0.0669759
internal_weight=130 122 57 65 48 37 17 17 20 28
internal_count=130 122 57 65 48 37 17 17 20 28
is_linear=0
shrinkage=0.03


Tree=19
num_leaves=10
num_cat=0
split_feature=34 0 2 24 24 4 8 26 13
split_gain=3757.87 370.136 35.1071 10.4022 5.43169 5.17364 5.05436 4.04075 0.980329
threshold=-4.4513294524876441 0.069270000000000012 0.84946500000000014 815.40000000000009 825.25000000000011 0.0041000000000000003 0.11522 9.3870293977853816 0.0066250000000000007
decision_type=2 2 2 2 2 2 2 2 2
left_child=1 2 -1 -3 -5 7 -4 -6 -7
right_child=-2 3 6 4 5 8 -8 -9 -10
leaf_value=0.11987509883880615 -0.60739166412750867 -0.045986291609027168 0.074867933545793797 0.0050844835788011553 0.0060805552303791035 -0.019330134451389307 0.036974725118279449 -0.021100842595100401 -0.038340862631797784
leaf_weight=24 7.9999999999999991 9.9999999999999982 13.000000000000002 10.999999999999998 10.000000000000002 10.000000000000002 8.9999999999999982 7.9999999999999991 7.9999999999999991
leaf_count=24 8 10 13 11 10 10 9 8 8
internal_value=-0.0194268 0.0316271 0.0939952 -0.019432 -0.0129106 -0.0184384 0.061713 -0.00639587 -0.0294315
internal_weight=111 103 46 57 47 36 22 18 18
internal_count=111 103 46 57 47 36 22 18 18
is_linear=0
shrinkage=0.03


Tree=20
num_leaves=9
num_cat=0
split_feature=27 22 15 10 29 35 13 10
split_gain=3881.61 352.366 32.6355 18.4813 6.96338 6.26103 5.10717 3.43707
threshold=27.600368555591881 468.91088550000006 0.098534750000000018 0.023630000000000002 15.575005434838424 18.537959098288585 0.0066250000000000007 0.032400000000000005
decision_type=2 2 2 2 2 2 2 2
left_child=1 3 -3 4 5 -1 -5 -4
right_child=-2 2 7 6 -6 -7 -8 -9
leaf_value=-0.049359797564836633 -0.60814432883262626 0.11177279706434769 0.039325787674296973 0.026119630864262569 -0.0070014964282512663 -0.018027845197916028 -0.0053587989409764605 0.07169680966436863
leaf_weight=12.000000000000002 7.9999999999999991 32 10.000000000000002 9.0000000000000018 13.999999999999998 13.999999999999998 7.9999999999999991 14.999999999999998
leaf_count=12 8 32 10 9 14 14 8 15
internal_value=-0.008205 0.0388051 0.0908834 -0.0139164 -0.0248809 -0.0338369 0.0117482 0.0608166
internal_weight=122 114 57 57 40 26 17 25
internal_count=122 114 57 57 40 26 17 25
is_linear=0
shrinkage=0.03


Tree=21
num_leaves=10
num_cat=0
split_feature=26 27 9 10 29 19 21 10 24
split_gain=3721.23 338.362 27.0749 13.146 5.75177 5.33921 4.3755 3.16653 2.49467
threshold=11.294627476325891 15.693754802321962 0.023570000000000004 0.023630000000000002 15.575005434838424 0.018475000000000002 866.69894887670387 0.030510000000000002 788.6500000000002
decision_type=2 2 2 2 2 2 2 2 2
left_child=1 2 8 4 5 -3 -5 -4 -1
right_child=-2 3 7 6 -6 -7 -8 -9 -10
leaf_value=0.11925137811899184 -0.59791622722148885 -0.01644264619946479 0.03621258014440535 -0.0069094578534364681 -0.00660066386461258 -0.045359575076745103 0.021267281180620191 0.070484120658465793 0.072551553885141992
leaf_weight=23.000000000000004 7.9999999999999991 14.000000000000002 8.0000000000000018 9.0000000000000018 13.999999999999998 11.999999999999998 8.9999999999999982 12.999999999999998 7.9999999999999991
leaf_count=23 8 14 8 9 14 12 9 13 8
internal_value=-0.0112925 0.0363598 0.0911734 -0.0134703 -0.022886 -0.0310302 0.0074778 0.059736 0.109891
internal_weight=118 110 52 58 40 26 18 21 31
internal_count=118 110 52 58 40 26 18 21 31
is_linear=0
shrinkage=0.03


Tree=22
num_leaves=11
num_cat=0
split_feature=22 9 10 26 34 26 29 5 3 0
split_gain=299.738 30.1335 15.6675 9.83467 9.2923 7.60603 7.15843 3.99917 4.10763 3.00522
threshold=468.91088550000006 0.020610000000000007 0.023345000000000001 9.6793735136932817 -84.684139733390836 8.3445874932214128 12.672537297011129 0.026460000000000004 0.013780000000000002 0.06063000000000001
decision_type=2 2 2 2 2 2 2 2 2 2
left_child=2 4 6 5 -2 -4 -1 -8 -9 -3
right_child=1 9 3 -5 -6 -7 7 8 -10 -11
leaf_value=-0.041612930635611209 0.11721206003886003 0.038502026863396155 0.0022312896351019519 -0.014112454493840534 0.062984816074371341 0.041981776705384256 0.0021136133628232136 -0.03282542569041251 -0.0054471520259976392 0.069010331869125377
leaf_weight=7.9999999999999991 25 11.000000000000002 8.0000000000000053 7.9999999999999991 7.9999999999999991 8.9999999999999982 12.999999999999998 9.0000000000000018 10.999999999999998 12.999999999999998
leaf_count=8 25 11 8 8 8 9 13 9 11 13
internal_value=0.0372572 0.087018 -0.00635311 0.0120341 0.106349 0.0245222 -0.0176201 -0.0107067 -0.0188152 0.0571868
internal_weight=123 57 66 25 33 17 41 33 20 24
internal_count=123 57 66 25 33 17 41 33 20 24
is_linear=0
shrinkage=0.03


Tree=23
num_leaves=9
num_cat=0
split_feature=22 9 10 4 13 5 25 25
split_gain=315.566 29.7061 7.42995 7.96 6.39069 4.73186 3.2046 0.406265
threshold=468.91088550000006 0.020610000000000007 0.023345000000000001 0.0045000000000000005 0.0066250000000000007 0.028555000000000004 65.267621896301719 70.975665940746225
decision_type=2 2 2 2 2 2 2 2
left_child=2 7 4 -4 5 -1 -3 -2
right_child=1 6 3 -5 -6 -7 -8 -9
leaf_value=0.00098719912022352191 0.11482043011292167 0.065506553339330753 0.017814152680910546 -0.017783711752295494 -0.036057858780026437 -0.023588167066757496 0.033589265584945675 0.075627618572928684
leaf_weight=15.000000000000002 22 18.000000000000004 12.000000000000002 8.9999999999999982 12.999999999999998 11.999999999999998 7.9999999999999991 9.9999999999999982
leaf_count=15 22 18 12 9 13 12 8 10
internal_value=0.0356732 0.085156 -0.0119664 0.00237486 -0.0194064 -0.010334 0.0573492 0.105281
internal_weight=119 58 61 21 40 27 26 32
internal_count=119 58 61 21 40 27 26 32
is_linear=0
shrinkage=0.03


Tree=24
num_leaves=8
num_cat=0
split_feature=22 2 10 21 13 0 0
split_gain=296.056 22.4059 11.9286 7.88044 6.86551 3.81218 0.767532
threshold=468.91088550000006 0.84946500000000014 0.023345000000000001 866.69894887670387 0.0066250000000000007 0.10821000000000001 0.06063000000000001
decision_type=2 2 2 2 2 2 2
left_child=2 -2 4 -4 5 -1 -3
right_child=1 6 3 -5 -6 -7 -8
leaf_value=-0.019586987817287439 0.10349132836948741 0.039581512606143933 -0.010413741937279697 0.025803210839629172 -0.034458020949363705 0.0016187554355710744 0.066473355472087853
leaf_weight=14.000000000000002 32 9.0000000000000018 9.0000000000000018 10.999999999999998 13.999999999999998 14.999999999999998 10.999999999999998
leaf_count=14 32 9 9 11 14 15 11
internal_value=0.0347494 0.0870134 -0.00905116 0.00971434 -0.0178358 -0.00888016 0.0569045
internal_weight=115 52 63 20 43 29 20
internal_count=115 52 63 20 43 29 20
is_linear=0
shrinkage=0.03


Tree=25
num_leaves=12
num_cat=0
split_feature=5 18 9 10 26 7 1 20 25 11 25
split_gain=3780.22 251.203 20.0997 14.0492 8.16208 4.92238 5.02765 4.42151 2.77764 2.68085 1.45596
threshold=0.016740000000000005 0.16965000000000002 0.020610000000000007 0.023345000000000001 9.5744702848520742 0.096470000000000014 0.54309000000000007 723.0635655000001 66.990998175444119 0.00050500000000000013 42.737741779448662
decision_type=2 2 2 2 2 2 2 2 2 2 2
left_child=-1 2 8 5 -5 -3 7 10 -2 -4 -7
right_child=1 3 9 4 -6 6 -8 -9 -10 -11 -12
leaf_value=-0.60199517308672268 0.111790578353405 0.0064564613898595163 0.036915544656189993 0.030427669984789987 -0.0072141441106796265 -0.02322934793342242 0.0019478630423545836 -0.042629868030548093 0.073189338045460836 0.067471902306263265 -0.0062560960975560275
leaf_weight=7.9999999999999991 19 7.9999999999999991 10.000000000000002 12.000000000000002 7.9999999999999991 10.000000000000005 7.9999999999999991 7.9999999999999991 12.999999999999998 11.999999999999998 9.9999999999999982
leaf_count=8 19 8 10 12 8 10 8 8 13 12 10
internal_value=-0.00922461 0.0356717 0.082694 -0.00464211 0.015673 -0.0140527 -0.0187021 -0.0245175 0.0988473 0.0558568 -0.0155162
internal_weight=126 118 54 64 20 44 36 28 32 22 20
internal_count=126 118 54 64 20 44 36 28 32 22 20
is_linear=0
shrinkage=0.03


Tree=26
num_leaves=10
num_cat=0
split_feature=14 2 9 2 25 29 17 35 10
split_gain=3593.99 249.405 21.0754 12.5155 6.95916 6.91313 5.78666 3.2697 2.01083
threshold=0.61740716666666684 1.3302000000000003 0.020610000000000007 1.8968050000000003 66.990998175444119 12.848529317677256 0.44463500000000006 20.132217167283731 0.032400000000000005
decision_type=2 2 2 2 2 2 2 2 2
left_child=1 2 4 5 -1 -3 -7 -8 -4
right_child=-2 3 8 -5 -6 6 7 -9 -10
leaf_value=0.11218466548919678 -0.58797864808638889 -0.019168667597266341 0.036096594474532374 -0.033070459002895014 0.068524266677243359 0.022308714715334084 -0.012847055052335443 0.0099699551001191135 0.064246365363781269
leaf_weight=19 7.9999999999999991 11.999999999999998 10.000000000000002 12.999999999999998 12.999999999999998 11.999999999999998 12.000000000000002 8.9999999999999982 11.999999999999998
leaf_count=19 8 12 10 13 13 12 12 9 12
internal_value=-0.0110867 0.0349453 0.0807236 -0.00829624 0.0971071 -0.000543295 0.00655003 -0.00299146 0.053642
internal_weight=120 112 54 58 32 45 33 21 22
internal_count=120 112 54 58 32 45 33 21 22
is_linear=0
shrinkage=0.03


Tree=27
num_leaves=12
num_cat=0
split_feature=0 22 15 10 26 38 25 10 0 35 0
split_gain=3539.15 193.65 20.4168 10.9721 6.24341 5.22175 4.14319 3.9943 2.70791 2.32751 0.731271
threshold=0.13013500000000003 468.91088550000006 0.098534750000000018 0.023345000000000001 7.6600510419573231 2.2143997393549806 66.990998175444119 0.014685000000000002 0.06063000000000001 19.064029254381268 0.11357500000000001
decision_type=2 2 2 2 2 2 2 2 2 2 2
left_child=1 3 6 4 -1 -5 -3 10 -4 -9 -6
right_child=-2 2 8 5 7 -7 -8 9 -10 -11 -12
leaf_value=0.010841078872481981 -0.58430622740586591 0.10204737532138823 0.03171209994906727 0.028951262322339133 -0.011919176369905473 -0.00013357072323560713 0.059985965645313256 -0.038741847912470477 0.060041483325617651 -0.014095054386556147 0.00033202011386553444
leaf_weight=7.9999999999999991 7.9999999999999991 21.000000000000004 10.000000000000002 10.000000000000002 7.9999999999999991 10.999999999999998 8.9999999999999982 8.0000000000000018 12.999999999999998 8.9999999999999982 7.9999999999999991
leaf_count=8 8 21 10 10 8 11 9 8 13 9 8
internal_value=-0.0112857 0.0332572 0.0747929 -0.0028489 -0.0118177 0.0143346 0.0918194 -0.0175121 0.0496214 -0.0272848 -0.00604614
internal_weight=123 115 53 62 41 21 30 33 23 17 16
internal_count=123 115 53 62 41 21 30 33 23 17 16
is_linear=0
shrinkage=0.03


Tree=28
num_leaves=10
num_cat=0
split_feature=20 18 33 19 14 25 7 3 27
split_gain=3460.41 217.254 21.0211 10.9136 8.87192 5.24271 5.04469 3.30836 1.57825
threshold=725.61214050000012 0.16047000000000003 68.097093499999986 0.024875000000000005 0.61740716666666684 42.354331296296301 0.096470000000000014 0.01374 20.447453212506016
decision_type=2 2 2 2 2 2 2 2 2
left_child=1 2 -1 4 6 -5 -3 -8 -9
right_child=-2 3 -4 5 -6 -7 7 8 -10
leaf_value=0.10011370010145249 -0.57368295489748322 0.0035747768640518184 0.054561279262815204 -0.0014322864413261408 0.016850560797750949 0.028669094284597248 -0.037243512014547966 -0.021058527579903594 -0.0025697586834430692
leaf_weight=30 7.9999999999999991 8.9999999999999982 20 8.0000000000000018 8.9999999999999982 12.999999999999998 8.0000000000000018 9.0000000000000018 7.9999999999999991
leaf_count=30 8 9 20 8 9 13 8 9 8
internal_value=-0.00722366 0.0371577 0.0833492 0.000320391 -0.00828753 0.0175899 -0.0152759 -0.0219963 -0.0130674
internal_weight=122 114 50 64 43 21 34 25 17
internal_count=122 114 50 64 43 21 34 25 17
is_linear=0
shrinkage=0.03


Tree=29
num_leaves=11
num_cat=0
split_feature=17 22 15 10 25 7 0 29 11 34
split_gain=3393.25 163.789 14.1607 13.608 6.24477 6.23844 6.02813 4.63577 4.19247 1.38897
threshold=0.5874100000000001 468.91088550000006 0.098534750000000018 0.023345000000000001 66.990998175444119 0.10721000000000001 0.12377000000000002 15.575005434838424 0.0012650000000000003 -96.916368488282203
decision_type=2 2 2 2 2 2 2 2 2 2
left_child=1 3 9 6 -4 -5 7 8 -1 -3
right_child=-2 2 4 5 -6 -7 -8 -9 -10 -11
leaf_value=-0.0079093640555034928 -0.57278125858803586 0.095472245205532408 0.0627355435994955 -0.0017943133314450572 0.023798842817544939 0.03103277715082679 0.010376614475995301 0.0014538456112146378 -0.035011382199250735 0.058116380214691156
leaf_weight=10.000000000000005 7.9999999999999991 21.000000000000004 12.000000000000002 8.0000000000000018 7.9999999999999991 12.999999999999998 8.9999999999999982 8.9999999999999982 11.999999999999998 7.9999999999999991
leaf_count=10 8 21 12 8 8 13 9 9 12 8
internal_value=-0.0126166 0.0329023 0.0731538 -6.51018e-05 0.0491072 0.0189459 -0.0103011 -0.0164879 -0.023637 0.0874979
internal_weight=118 110 49 61 20 21 40 31 22 29
internal_count=118 110 49 61 20 21 40 31 22 29
is_linear=0
shrinkage=0.03


Tree=30
num_leaves=11
num_cat=0
split_feature=5 18 15 1 25 7 20 38 27 25
split_gain=3417.99 180.479 15.6961 12.2474 6.2824 5.0272 9.62594 3.21099 3.06805 1.52044
threshold=0.016740000000000005 0.16965000000000002 0.098534750000000018 0.55047000000000013 53.342764766081864 0.12931000000000001 723.0635655000001 1.8745032273517752 21.420223268739676 70.975665940746225
decision_type=2 2 2 2 2 2 2 2 2 2
left_child=-1 2 9 5 -4 6 7 -3 -9 -2
right_child=1 3 4 -5 -6 -7 -8 8 -10 -11
leaf_value=-0.57340565710266422 0.095100605192184454 0.01264014163613319 0.070499059200286832 0.029220700303713477 0.0320043263733387 0.0093049408549612227 -0.032650027850270269 -0.021583004484573998 0.0034486561665932336 0.057969916899998981
leaf_weight=7.9999999999999991 24 8.0000000000000018 8.0000000000000018 7.9999999999999991 12.999999999999998 9.9999999999999982 13.999999999999998 7.9999999999999991 7.9999999999999991 7.9999999999999991
leaf_count=8 24 8 8 8 13 10 14 8 8 8
internal_value=-0.0113874 0.0346858 0.0738203 -0.00297119 0.0492751 -0.00885396 -0.0137871 -0.00185791 -0.0095123 0.0879013
internal_weight=117 109 53 56 21 48 38 24 16 32
internal_count=117 109 53 56 21 48 38 24 16 32
is_linear=0
shrinkage=0.03


Tree=31
num_leaves=11
num_cat=0
split_feature=18 18 24 19 35 9 29 4 9 25
split_gain=3328.13 151.606 19.8685 10.9527 11.7201 10.3462 9.65329 7.93417 2.45938 1.37026
threshold=0.72595500000000013 0.16965000000000002 805.20000000000016 0.032085000000000009 19.163008058092711 0.020610000000000007 15.575005434838424 0.0038550000000000004 0.090235000000000024 53.342764766081864
decision_type=2 2 2 2 2 2 2 2 2 2
left_child=1 2 5 4 6 -1 8 -6 -3 -7
right_child=-2 3 -4 -5 7 9 -8 -9 -10 -11
leaf_value=0.091228034487137427 -0.56875369017571209 -0.017478195248544201 0.022121497829755147 0.0288931207259496 0.026558614253997793 0.065711976528167695 0.0021450995241220181 -0.009810218131542205 -0.043066509282588955 0.036424603110551831
leaf_weight=25 7.9999999999999991 9.0000000000000053 7.9999999999999991 7.9999999999999991 11.000000000000002 8.0000000000000018 11.999999999999998 8.9999999999999982 8.9999999999999982 8.9999999999999982
leaf_count=25 8 9 8 8 11 8 12 9 9 9
internal_value=-0.0143849 0.0315069 0.0692387 -0.00161731 -0.00699921 0.0774554 -0.018631 0.0104334 -0.0319446 0.0531752
internal_weight=116 108 50 58 50 42 30 20 18 17
internal_count=116 108 50 58 50 42 30 20 18 17
is_linear=0
shrinkage=0.03


Tree=32
num_leaves=10
num_cat=0
split_feature=21 14 3 24 1 28 38 14 7
split_gain=3299.96 114.963 19.2313 10.1682 5.60313 5.20328 4.71924 2.23858 2.10843
threshold=862.86483802030193 0.28512433333333337 0.015185000000000002 827.25000000000011 0.54818 4304.7992280868239 2.2261793006805171 0.19418566666666667 0.086745000000000003
decision_type=2 2 2 2 2 2 2 2 2
left_child=-1 7 3 6 -5 -4 8 -2 -3
right_child=1 2 5 4 -6 -7 -8 -9 -10
leaf_value=-0.56075562153259906 0.08456865060123904 0.029357204334302361 -0.023688746944069854 -0.0071524007916450479 0.022578472512350838 0.0050949213843454015 0.015104890725016593 0.05368728545680642 0.057367632826169329
leaf_weight=7.9999999999999991 28 10.000000000000005 11.000000000000002 11.000000000000002 9.9999999999999982 9.9999999999999982 8.9999999999999982 10.999999999999998 7.9999999999999991
leaf_count=8 28 10 11 11 10 10 9 11 8
internal_value=-0.00870053 0.0369481 0.0132514 0.0235882 0.00731974 -0.0103055 0.0354745 0.077456 0.0442494
internal_weight=116 108 69 48 21 21 27 39 18
internal_count=116 108 69 48 21 21 27 39 18
is_linear=0
shrinkage=0.03


Tree=33
num_leaves=10
num_cat=0
split_feature=16 18 34 1 26 34 25 26 10
split_gain=3290.84 117.411 13.7193 7.97127 10.0186 7.64451 5.8778 4.62917 3.61193
threshold=0.25041880400000005 0.16965000000000002 -84.684139733390836 0.50075000000000014 7.6600510419573231 -122.41664965017121 38.61338662280702 10.154628118212505 0.032400000000000005
decision_type=2 2 2 2 2 2 2 2 2
left_child=1 2 5 4 -3 -1 -5 -6 -4
right_child=-2 3 8 6 7 -7 -8 -9 -10
leaf_value=0.047764015240967267 -0.55904948437213886 0.019385977128377328 0.028979255475103844 0.039372173537810626 -0.022894567050039758 0.091483813315629964 0.005839900627732277 0.002754595457830212 0.058053547382354735
leaf_weight=8.9999999999999982 7.9999999999999991 11.999999999999998 11.000000000000002 8.0000000000000018 15.000000000000002 23 10.999999999999998 9.9999999999999982 12.999999999999998
leaf_count=9 8 12 11 8 15 23 11 10 13
internal_value=-0.00699801 0.0370193 0.0673378 0.00602515 -0.00213144 0.0810531 0.0212964 -0.0128659 0.04648
internal_weight=120 112 56 56 37 32 19 25 24
internal_count=120 112 56 56 37 32 19 25 24
is_linear=0
shrinkage=0.03


Tree=34
num_leaves=10
num_cat=0
split_feature=27 35 35 9 1 8 11 25 25
split_gain=3226.57 79.0886 25.2608 12.2845 5.90817 5.72157 7.54254 3.32626 2.89782
threshold=27.600368555591881 14.913573911298132 19.163008058092711 0.023570000000000004 0.50871000000000011 0.32485000000000003 0.0016250000000000004 66.990998175444119 51.837573157894745
decision_type=2 2 2 2 2 2 2 2 2
left_child=1 3 5 7 -4 -3 -7 -1 -5
right_child=-2 2 4 8 -6 6 -8 -9 -10
leaf_value=0.084584299428122373 -0.55426725844790536 0.011882401889562601 0.015931225102681374 0.055606053666634972 0.047459240067463646 -0.029204021483659734 0.0053642523050308226 0.050989666163921352 0.02918931785514578
leaf_weight=20.000000000000004 7.9999999999999991 9.0000000000000018 12.000000000000002 10.000000000000002 11.999999999999998 13.000000000000002 8.9999999999999982 10.999999999999998 13.999999999999998
leaf_count=20 8 9 12 10 12 13 9 11 14
internal_value=-0.00800476 0.0363454 0.010548 0.061467 0.033023 -0.00729343 -0.0153789 0.0746764 0.0420403
internal_weight=118 110 55 55 24 31 22 31 24
internal_count=118 110 55 55 24 31 22 31 24
is_linear=0
shrinkage=0.03


Tree=35
num_leaves=12
num_cat=0
split_feature=27 2 0 19 19 24 0 13 24 9 25
split_gain=3337.85 76.8961 12.9628 21.6704 7.68207 3.83549 3.41622 3.89103 2.95836 1.84621 0.247909
threshold=26.925040793747744 1.1490100000000003 0.12377000000000002 0.025890000000000003 0.021230000000000002 797.85000000000002 0.10821000000000001 0.006745000000000001 815.40000000000009 0.020610000000000007 66.990998175444119
decision_type=2 2 2 2 2 2 2 2 2 2 2
left_child=1 9 3 4 6 -5 -3 -8 -7 10 -1
right_child=-2 2 -4 5 -6 8 7 -9 -10 -11 -12
leaf_value=0.08645924219664404 -0.56590302987893415 -0.011483354707558945 0.042287764751911164 0.011156889066100116 -0.027595936140418047 0.050559119796752906 0.024958312700192133 -0.0032940853474040825 0.021741039669513705 0.045318761644264058 0.056870867080986494
leaf_weight=16.000000000000004 7.9999999999999991 8.0000000000000018 13.999999999999998 8.0000000000000018 8.9999999999999982 9.0000000000000018 7.9999999999999991 7.9999999999999991 8.9999999999999982 7.9999999999999991 10.999999999999998
leaf_count=16 8 8 14 8 9 9 8 8 9 8 11
internal_value=-0.0107017 0.035225 0.0172284 0.0106514 -0.00546563 0.0306079 0.00354511 0.0113811 0.0381317 0.071198 0.0769199
internal_weight=116 108 73 59 33 26 24 16 18 35 27
internal_count=116 108 73 59 33 26 24 16 18 35 27
is_linear=0
shrinkage=0.03


Tree=36
num_leaves=10
num_cat=0
split_feature=21 14 10 18 7 35 20 9 10
split_gain=3169.75 63.5068 22.0274 17.4689 6.79228 3.42165 3.26312 3.10864 3.07356
threshold=862.1645597157484 0.28512433333333337 0.023345000000000001 0.71140000000000014 0.078455000000000011 18.537959098288585 720.99840150000011 0.020610000000000007 0.027125000000000003
decision_type=2 2 2 2 2 2 2 2 2
left_child=-1 7 3 5 -4 6 -3 -2 -6
right_child=1 2 4 -5 8 -7 -8 -9 -10
leaf_value=-0.55216972953577836 0.071850030952532382 -0.0061135942389567641 0.010736868942325764 0.029366410728830554 0.027039472901395377 0.00074779571999203083 -0.033678803682327271 0.040689153707027435 0.052476263880729672
leaf_weight=7.9999999999999991 27 8.0000000000000053 9.9999999999999982 11.999999999999998 13.000000000000002 9.9999999999999982 7.9999999999999991 8.9999999999999982 12.999999999999998
leaf_count=8 27 8 10 12 13 10 8 9 13
internal_value=-0.0107576 0.0332241 0.0168824 0.000778398 0.0333602 -0.0129595 -0.0211548 0.0654106 0.0412859
internal_weight=118 110 74 38 36 26 16 36 26
internal_count=118 110 74 38 36 26 16 36 26
is_linear=0
shrinkage=0.03


Tree=37
num_leaves=13
num_cat=0
split_feature=8 14 10 35 20 26 26 38 11 29 24 2
split_gain=2976.44 83.7379 19.3594 11.0483 9.97453 5.89974 8.10056 5.53782 2.65642 2.47117 2.20043 2.00744
threshold=0.55734500000000009 0.28512433333333337 0.023345000000000001 19.163008058092711 720.25952600000016 9.6793735136932817 7.9329742403765735 1.4142209185339727 0.00060000000000000016 14.248679166976643 783.6500000000002 0.80355500000000013
decision_type=2 2 2 2 2 2 2 2 2 2 2 2
left_child=1 7 3 4 -3 6 8 10 -4 -6 -1 -9
right_child=-2 2 5 -5 9 -7 -8 11 -10 -11 -12 -13
leaf_value=0.06174968215929609 -0.5302294260660807 0.013834654515981669 0.0073376284968107884 0.021962936067581176 -0.035218164960543308 0.0074349821507930756 0.055064626744815277 0.094291333028248367 0.03262297604481379 -0.010097416033347448 0.032233987887700398 0.054783264636993408
leaf_weight=13.000000000000002 7.9999999999999991 9.0000000000000018 8.0000000000000053 13.999999999999998 7.9999999999999991 7.9999999999999991 12.999999999999998 13.000000000000002 7.9999999999999991 7.9999999999999991 7.9999999999999991 7.9999999999999991
leaf_count=13 8 9 8 14 8 8 13 13 8 8 8 8
internal_value=-0.00421197 0.0355937 0.0163885 0.00146126 -0.0103651 0.0316307 0.037785 0.0691216 0.0212438 -0.0240788 0.0525501 0.0824831
internal_weight=126 118 76 39 25 37 29 42 16 16 21 21
internal_count=126 118 76 39 25 37 29 42 16 16 21 21
is_linear=0
shrinkage=0.03


Tree=38
num_leaves=11
num_cat=0
split_feature=5 21 11 12 9 0 9 0 24 11
split_gain=3151.05 58.6921 20.9583 16.6122 11.3118 5.18712 4.36439 3.40167 3.37904 2.89717
threshold=0.018605000000000003 869.15248776486908 0.0016250000000000004 0.0020700000000000002 0.017130000000000003 0.12377000000000002 0.090235000000000024 0.06063000000000001 783.6500000000002 0.0011900000000000003
decision_type=2 2 2 2 2 2 2 2 2 2
left_child=-1 2 3 9 8 -4 -5 -6 -3 -2
right_child=1 4 5 6 7 -7 -8 -9 -10 -11
leaf_value=-0.55050163130213814 0.029940579473972318 0.082855895479520159 0.01950987758636474 -0.0064891849296788377 0.025160334114844973 0.049894310539419 -0.038210080454746879 0.052644848033785815 0.045429510911305739 0.0042448063592116034
leaf_weight=7.9999999999999991 7.9999999999999991 17.000000000000004 14.000000000000002 7.9999999999999991 12.000000000000002 9.9999999999999982 7.9999999999999991 10.999999999999998 7.9999999999999991 7.9999999999999991
leaf_count=8 8 17 14 8 12 10 8 11 8 8
internal_value=-0.0118545 0.0344139 0.0131291 -0.00282197 0.0584407 0.0337194 -0.0237526 0.0400134 0.0731451 0.0181864
internal_weight=112 104 56 32 48 24 16 23 25 16
internal_count=112 104 56 32 48 24 16 23 25 16
is_linear=0
shrinkage=0.03


Tree=39
num_leaves=12
num_cat=0
split_feature=1 14 8 10 21 26 9 25 7 26 24
split_gain=2974.52 69.9341 13.2811 12.1875 15.2526 5.02549 4.73967 4.26448 3.99928 7.29241 1.62698
threshold=0.55441000000000018 0.28512433333333337 0.5537200000000001 0.023345000000000001 863.27318104527615 5.4289183981755782 0.13208500000000004 65.267621896301719 0.078455000000000011 9.2256942884373156 775.80000000000007
decision_type=2 2 2 2 2 2 2 2 2 2 2
left_child=1 5 3 4 -3 10 -6 -7 -5 -10 -1
right_child=-2 2 -4 8 6 7 -8 -9 9 -11 -12
leaf_value=0.057674987383186792 -0.53152948562304181 0.02637839126586914 0.050609028776486716 0.0073799004663120619 -0.0042887981738895173 0.088784242296218854 -0.032320710460344945 0.048814042022824286 0.043667549304291592 0.0069359695315361026 0.031299370980262753
leaf_weight=11.000000000000002 7.9999999999999991 10.999999999999998 7.9999999999999991 9.9999999999999982 15.000000000000002 14.000000000000002 7.9999999999999991 8.9999999999999982 14.000000000000002 7.9999999999999991 8.9999999999999982
leaf_count=11 8 11 8 10 15 14 8 9 14 8 9
internal_value=-0.00585029 0.0342807 0.0161884 0.0113007 -0.00122761 0.0643068 -0.015042 0.0758918 0.0242914 0.0312581 0.047933
internal_weight=125 117 74 66 34 43 23 23 32 22 20
internal_count=125 117 74 66 34 43 23 23 32 22 20
is_linear=0
shrinkage=0.03


Tree=40
num_leaves=12
num_cat=0
split_feature=0 14 19 1 12 7 3 9 25 25 38
split_gain=2846.91 63.1156 15.8513 14.6786 10.541 4.92107 4.64032 3.54597 2.13214 1.3552 1.06792
threshold=0.13013500000000003 0.28085016666666668 0.027110000000000002 0.54818 0.0023750000000000004 0.07660500000000002 0.015395000000000001 0.020610000000000007 70.975665940746225 52.242239340744824 1.4603864104498132
decision_type=2 2 2 2 2 2 2 2 2 2 2
left_child=1 7 3 4 6 -4 -3 8 10 -7 -1
right_child=-2 2 5 -5 -6 9 -8 -9 -10 -11 -12
leaf_value=0.056420078551769212 -0.52169946734110506 0.019614111019032335 0.011445969978968297 0.037246287471055982 -0.024319921326424392 0.048346528031996301 -0.0072944662481546404 0.038253800014654789 0.047260666465759278 0.02512423366556565 0.093624792402440857
leaf_weight=9.0000000000000053 7.9999999999999991 13.000000000000002 8.0000000000000018 8.9999999999999982 12.999999999999998 13.000000000000002 8.9999999999999982 7.9999999999999991 8.9999999999999982 7.9999999999999991 9.9999999999999982
leaf_count=9 8 13 8 9 13 13 9 8 9 8 10
internal_value=-0.0087645 0.0332689 0.0167922 0.0051586 -0.00385628 0.0336328 0.0087023 0.0652828 0.0713683 0.0411122 0.0797787
internal_weight=117 109 73 44 35 29 22 36 28 21 19
internal_count=117 109 73 44 35 29 22 36 28 21 19
is_linear=0
shrinkage=0.03


Tree=41
num_leaves=11
num_cat=0
split_feature=21 2 0 10 10 9 7 25 17 38
split_gain=2924.94 45.1437 27.8923 22.5211 6.03855 4.93226 4.37943 3.93803 3.82969 3.22097
threshold=862.1645597157484 1.1490100000000003 0.12377000000000002 0.023345000000000001 0.020065000000000003 0.020610000000000007 0.07660500000000002 66.990998175444119 0.46753000000000006 2.2261793006805171
decision_type=2 2 2 2 2 2 2 2 2 2
left_child=-1 5 3 4 8 7 -5 -2 -3 -8
right_child=1 2 -4 6 -6 -7 9 -9 -10 -11
leaf_value=-0.52617597807447114 0.081172174135843905 -0.0078371489532291852 0.056225930271779787 0.013247382278625782 -0.02438552022522146 0.036308820372819899 0.047802931968982387 0.045861570190299641 0.018054739524920781 0.019120169147849083
leaf_weight=7.9999999999999991 17.000000000000004 11.000000000000005 15.999999999999998 11.999999999999998 9.9999999999999982 8.9999999999999982 12.000000000000002 9.9999999999999982 7.9999999999999991 7.9999999999999991
leaf_count=8 17 11 16 12 10 9 12 10 8 8
internal_value=-0.0055421 0.035596 0.0221126 0.0123781 -0.0066598 0.063018 0.0293556 0.0702527 0.00334734 0.0378581
internal_weight=121 113 77 61 29 36 32 27 19 20
internal_count=121 113 77 61 29 36 32 27 19 20
is_linear=0
shrinkage=0.03


Tree=42
num_leaves=9
num_cat=0
split_feature=18 14 0 12 3 29 7 25
split_gain=2805.02 49.9005 17.9248 15.1371 14.1654 3.44976 4.03441 3.38579
threshold=0.72595500000000013 0.28085016666666668 0.12377000000000002 0.0025850000000000001 0.015185000000000002 16.621054027206707 0.094530000000000017 63.179459537037047
decision_type=2 2 2 2 2 2 2 2
left_child=1 7 3 4 5 6 -3 -1
right_child=-2 2 -4 -5 -6 -7 -8 -9
leaf_value=0.074530090230703352 -0.51603251312176379 0.019212924813005051 0.05086640844813415 -0.015057880307946888 -0.0072142364560411525 0.015349872957382885 0.047797761925629206 0.047103589346011478
leaf_weight=19 7.9999999999999991 10.000000000000002 12.999999999999998 12.999999999999998 11.999999999999998 12.999999999999998 12.999999999999998 17
leaf_count=19 8 10 13 13 12 13 13 17
internal_value=-0.00669649 0.0346478 0.0200592 0.0127551 0.0204719 0.0296867 0.0367505 0.0632423
internal_weight=118 110 74 61 48 36 23 36
internal_count=118 110 74 61 48 36 23 36
is_linear=0
shrinkage=0.03


Tree=43
num_leaves=12
num_cat=0
split_feature=34 4 15 10 8 24 38 26 10 24 33
split_gain=2866.88 37.3286 27.1325 19.9664 10.1403 8.42091 6.26459 6.14751 3.41843 2.13397 0.174944
threshold=-4.4513294524876441 0.004915000000000001 0.28928050000000011 0.023345000000000001 0.30108500000000005 790.90000000000009 2.3580291790596992 7.2142744580365639 0.020065000000000003 771.45000000000016 82.880941000000078
decision_type=2 2 2 2 2 2 2 2 2 2 2
left_child=1 2 3 4 -1 9 7 -5 -6 -3 -7
right_child=-2 5 -4 6 8 10 -8 -9 -10 -11 -12
leaf_value=0.022409955898920687 -0.52318187742431954 0.046616865670680976 0.065858462905883791 0.020552905583381648 -0.0056289571188390241 0.026336300647258743 0.0045561087404688196 0.053471364546905861 -0.029687819818655644 0.08059446460860116 0.044075779965519903
leaf_weight=8.0000000000000018 7.9999999999999991 9.0000000000000018 8.9999999999999982 14.000000000000002 15.000000000000002 9.0000000000000018 7.9999999999999991 9.9999999999999982 7.9999999999999991 12.999999999999998 8.9999999999999982
leaf_count=8 8 9 9 14 15 9 8 10 8 13 9
internal_value=-0.00792579 0.0331692 0.019774 0.0122409 -0.00486138 0.0561735 0.0284995 0.0359191 -0.0149481 0.0693909 0.0371379
internal_weight=120 112 72 63 31 40 32 24 23 22 18
internal_count=120 112 72 63 31 40 32 24 23 22 18
is_linear=0
shrinkage=0.03


Tree=44
num_leaves=10
num_cat=0
split_feature=34 4 1 18 24 25 26 1 38
split_gain=2926.86 31.9504 17.1856 17.0187 4.40517 5.39769 2.66391 3.25724 2.31202
threshold=-7.8351993530885684 0.0048750000000000009 0.50343500000000019 0.44278000000000006 790.90000000000009 57.695343640350885 7.9329742403765735 0.30964500000000006 2.1330565566582447
decision_type=2 2 2 2 2 2 2 2 2
left_child=1 2 3 6 5 -3 7 -1 -6
right_child=-2 4 -4 -5 8 -7 -8 -9 -10
leaf_value=0.0020116743905977761 -0.53006295655171076 0.08168107944726942 0.04706676947325468 -0.015030455891042946 0.049297678595781304 0.043616769501796132 0.034630867421627042 0.025180685135034412 0.021790067711224159
leaf_weight=10.000000000000002 7.9999999999999991 11.000000000000002 14.999999999999998 14.999999999999998 9.0000000000000018 11.999999999999998 10.999999999999998 11.999999999999998 7.9999999999999991
leaf_count=10 8 11 15 15 9 12 11 12 8
internal_value=-0.0111264 0.0338741 0.0200098 0.0107359 0.0546531 0.0645288 0.0225896 0.0152599 0.038366
internal_weight=111 103 63 48 40 23 33 22 17
internal_count=111 103 63 48 40 23 33 22 17
is_linear=0
shrinkage=0.03


Tree=45
num_leaves=10
num_cat=0
split_feature=35 15 8 3 12 11 25 7 34
split_gain=2796.02 25.8052 36.9761 15.9601 6.57284 4.23465 6.3679 3.78258 1.97209
threshold=24.421002797944087 0.098534750000000018 0.5537200000000001 0.015185000000000002 0.0025850000000000001 0.00046500000000000003 43.664427938596511 0.027125000000000007 -99.385032996342531
decision_type=2 2 2 2 2 2 2 2 2
left_child=1 7 3 4 5 -3 -7 -1 -9
right_child=-2 2 -4 -5 -6 6 -8 8 -10
leaf_value=0.031961607939004891 -0.5145642062549789 0.01054436300153082 0.078613399600982653 -0.010423806101549417 0.0057949120961129667 0.012353699971540746 0.042576494225263599 0.069427665145773643 0.039010055651267354
leaf_weight=8.9999999999999982 7.9999999999999991 9.9999999999999982 8.9999999999999982 14.999999999999998 14.999999999999998 9.9999999999999982 24 18 8.0000000000000018
leaf_count=9 8 10 9 15 15 10 24 18 8
internal_value=-0.00474317 0.033842 0.0242007 0.016603 0.0235585 0.0293176 0.0343372 0.0553565 0.0619154
internal_weight=126 118 83 74 59 44 34 35 26
internal_count=126 118 83 74 59 44 34 35 26
is_linear=0
shrinkage=0.03


Tree=46
num_leaves=12
num_cat=0
split_feature=5 14 1 4 29 12 29 25 1 24 8
split_gain=2781.27 21.08 30.5331 15.019 9.97316 6.04461 3.72938 2.24782 3.06542 1.90499 1.25062
threshold=0.016740000000000005 0.28085016666666668 0.50075000000000014 0.0037050000000000004 12.672537297011129 0.0026200000000000004 14.484766770419087 51.837573157894745 0.42294000000000004 790.90000000000009 0.04833500000000001
decision_type=2 2 2 2 2 2 2 2 2 2 2
left_child=-1 9 3 -3 -4 7 -6 8 -5 10 -2
right_child=1 2 4 5 6 -7 -8 -9 -10 -11 -12
leaf_value=-0.50767164442936574 0.072208224952220901 -0.014055037081241608 0.023643966350704423 0.047695195108652083 0.082841275041753565 0.0035543853911486536 0.042695493141810092 0.015474586097896099 0.02084275248917666 0.036999883031845093 0.045992976775536168
leaf_weight=7.9999999999999991 17.000000000000004 10.999999999999998 8.0000000000000018 11.000000000000005 10.000000000000002 9.9999999999999982 7.9999999999999991 8.9999999999999982 9.9999999999999982 8.9999999999999982 11.999999999999998
leaf_count=8 17 11 8 11 10 10 8 9 10 9 12
internal_value=0.000356582 0.0397824 0.0300334 0.0159576 0.0559744 0.0243892 0.0682639 0.030947 0.0365051 0.0582219 0.0633052
internal_weight=123 115 77 51 26 40 18 30 21 38 29
internal_count=123 115 77 51 26 40 18 30 21 38 29
is_linear=0
shrinkage=0.03


Tree=47
num_leaves=12
num_cat=0
split_feature=4 11 8 37 12 38 20 0 3 25 37
split_gain=18.4149 25.0642 29.6569 15.0522 7.15265 5.94867 3.393 3.15849 2.19362 1.18779 0.783448
threshold=0.004915000000000001 0.0016250000000000004 0.30108500000000005 19.48726299241407 0.0017800000000000001 1.8745032273517752 718.20521900000006 0.12377000000000002 0.014545000000000001 63.179459537037047 11.405857225437968
decision_type=2 2 2 2 2 2 2 2 2 2 2
left_child=1 2 6 -3 -2 9 -1 -5 -4 -6 -8
right_child=4 3 8 7 5 -7 10 -9 -10 -11 -12
leaf_value=0.013385307437181469 0.023245150381191206 0.01469294338524341 -0.026899575034777308 0.040851314535985374 0.053107797892654629 0.077950507164001454 0.026158083899454627 0.079207329010963445 -0.006337085942343737 0.032704659321478431 0.046094353746284136
leaf_weight=9.0000000000000018 9.9999999999999982 9.0000000000000018 8.0000000000000018 8.0000000000000018 16.000000000000004 9.9999999999999982 10.000000000000002 8.9999999999999982 11.999999999999998 12.999999999999998 9.9999999999999982
leaf_count=9 10 9 8 8 16 10 10 9 12 13 10
internal_value=0.0351613 0.0252015 0.012083 0.0485061 0.049567 0.0555288 0.0310543 0.0645131 -0.0155228 0.0454066 0.0379179
internal_weight=124 75 49 26 49 39 29 17 20 29 20
internal_count=124 75 49 26 49 39 29 17 20 29 20
is_linear=0
shrinkage=0.03


Tree=48
num_leaves=11
num_cat=0
split_feature=7 4 0 10 12 12 24 25 3 29
split_gain=2745.98 22.452 30.3296 17.2801 8.16444 6.59782 4.52249 4.35377 3.18651 1.39371
threshold=0.15133000000000005 0.004915000000000001 0.12377000000000002 0.023630000000000002 0.0017800000000000001 0.0023750000000000004 797.85000000000002 70.975665940746225 0.014665000000000003 15.575005434838424
decision_type=2 2 2 2 2 2 2 2 2 2
left_child=1 2 3 5 -3 8 -5 -6 -1 -8
right_child=-2 4 -4 6 7 -7 9 -9 -10 -11
leaf_value=0.022215409765640876 -0.50965917382637649 0.017823860461513203 0.061680425622633525 0.011836491205475542 0.059718822080422854 -0.016922410804778337 0.049439581473668413 0.029739593660831447 -0.0033125788370768228 0.024424140257140001
leaf_weight=8.0000000000000053 7.9999999999999991 7.9999999999999991 12.999999999999998 10.000000000000002 33 14.999999999999998 7.9999999999999991 8.9999999999999982 7.9999999999999991 7.9999999999999991
leaf_count=8 8 8 13 10 33 15 8 9 8 8
internal_value=-0.00412259 0.033501 0.0219841 0.0119973 0.0488481 -0.00314478 0.0295546 0.0541706 0.00991915 0.0391926
internal_weight=128 120 70 57 50 31 26 42 16 16
internal_count=128 120 70 57 50 31 26 42 16 16
is_linear=0
shrinkage=0.03


Tree=49
num_leaves=13
num_cat=0
split_feature=37 34 0 7 1 28 26 24 11 18 11 28
split_gain=2822.48 22.5257 20.6215 6.21849 17.0959 7.87654 5.49173 3.32174 3.27751 2.17133 0.717057 0.383237
threshold=5.0484608390443482 -99.385032996342531 0.12377000000000002 0.11500500000000001 0.39324500000000001 4304.7992280868239 9.5744702848520742 850.70000000000016 0.00046500000000000003 0.14380000000000001 0.00032000000000000003 1710.2228558364018
decision_type=2 2 2 2 2 2 2 2 2 2 2 2
left_child=-1 11 3 4 8 -6 -5 -4 10 -10 -3 -2
right_child=1 2 7 6 5 -7 -8 -9 9 -11 -12 -13
leaf_value=-0.51831646505991613 0.044146796902020752 0.02199248320832848 0.035491199259956675 0.051525126247107957 -0.019770662953811025 0.014175004354932092 0.015083801537752151 0.072807702461878454 0.04508454996347426 0.021885687831789253 0.008317090576887131 0.073937769998203631
leaf_weight=7.9999999999999991 8.0000000000000018 9.0000000000000018 7.9999999999999991 9.0000000000000018 13.000000000000002 9.9999999999999982 7.9999999999999991 7.9999999999999991 11.000000000000002 10.999999999999998 8.9999999999999982 9.9999999999999982
leaf_count=8 8 9 8 9 13 10 8 8 11 11 9 10
internal_value=-0.00672879 0.033354 0.0270316 0.020301 0.0154746 -0.00497351 0.0362503 0.0574229 0.0271034 0.0350062 0.0160314 0.0637967
internal_weight=122 114 96 80 63 23 17 16 40 22 18 18
internal_count=122 114 96 80 63 23 17 16 40 22 18 18
is_linear=0
shrinkage=0.03


end of trees

feature_importances:
Column_0=30
Column_10=30
Column_25=27
Column_9=26
Column_14=22
Column_15=22
Column_7=21
Column_24=21
Column_26=20
Column_1=18
Column_29=17
Column_8=14
Column_20=14
Column_38=13
Column_18=12
Column_4=11
Column_5=11
Column_11=11
Column_12=11
Column_34=11
Column_19=10
Column_22=10
Column_27=10
Column_35=10
Column_3=9
Column_2=8
Column_13=8
Column_21=8
Column_28=5
Column_17=4
Column_16=3
Column_33=3
Column_37=3
Column_23=1

parameters:
[boosting: gbdt]
[objective: regression]
[metric: l2]
[tree_learner: serial]
[device_type: cpu]
[data_sample_strategy: bagging]
[data: ]
[valid: ]
[num_iterations: 50]
[learning_rate: 0.03]
[num_leaves: 15]
[num_threads: 1]
[seed: 20260723]
[deterministic: 1]
[force_col_wise: 1]
[force_row_wise: 0]
[histogram_pool_size: -1]
[max_depth: -1]
[min_data_in_leaf: 8]
[min_sum_hessian_in_leaf: 0.001]
[bagging_fraction: 0.85]
[pos_bagging_fraction: 1]
[neg_bagging_fraction: 1]
[bagging_freq: 1]
[bagging_seed: 20260723]
[bagging_by_query: 0]
[feature_fraction: 0.85]
[feature_fraction_bynode: 1]
[feature_fraction_seed: 20260723]
[extra_trees: 0]
[extra_seed: 20591]
[early_stopping_round: 0]
[early_stopping_min_delta: 0]
[first_metric_only: 0]
[max_delta_step: 0]
[lambda_l1: 0.05]
[lambda_l2: 1]
[linear_lambda: 0]
[min_gain_to_split: 0.0001]
[drop_rate: 0.1]
[max_drop: 50]
[skip_drop: 0.5]
[xgboost_dart_mode: 0]
[uniform_drop: 0]
[drop_seed: 9722]
[top_rate: 0.2]
[other_rate: 0.1]
[min_data_per_group: 100]
[max_cat_threshold: 32]
[cat_l2: 10]
[cat_smooth: 10]
[max_cat_to_onehot: 4]
[top_k: 20]
[monotone_constraints: ]
[monotone_constraints_method: basic]
[monotone_penalty: 0]
[feature_contri: ]
[forcedsplits_filename: ]
[refit_decay_rate: 0.9]
[cegb_tradeoff: 1]
[cegb_penalty_split: 0]
[cegb_penalty_feature_lazy: ]
[cegb_penalty_feature_coupled: ]
[path_smooth: 0]
[interaction_constraints: ]
[verbosity: -1]
[saved_feature_importance_type: 0]
[use_quantized_grad: 0]
[num_grad_quant_bins: 4]
[quant_train_renew_leaf: 0]
[stochastic_rounding: 1]
[linear_tree: 0]
[max_bin: 127]
[max_bin_by_feature: ]
[min_data_in_bin: 3]
[bin_construct_sample_cnt: 200000]
[data_random_seed: 20260723]
[is_enable_sparse: 1]
[enable_bundle: 1]
[use_missing: 1]
[zero_as_missing: 0]
[feature_pre_filter: 1]
[pre_partition: 0]
[two_round: 0]
[header: 0]
[label_column: ]
[weight_column: ]
[group_column: ]
[ignore_column: ]
[categorical_feature: ]
[forcedbins_filename: ]
[precise_float_parser: 0]
[parser_config_file: ]
[objective_seed: 5935]
[num_class: 1]
[is_unbalance: 0]
[scale_pos_weight: 1]
[sigmoid: 1]
[boost_from_average: 1]
[reg_sqrt: 0]
[alpha: 0.9]
[fair_c: 1]
[poisson_max_delta_step: 0.7]
[tweedie_variance_power: 1.5]
[lambdarank_truncation_level: 30]
[lambdarank_norm: 1]
[label_gain: ]
[lambdarank_position_bias_regularization: 0]
[eval_at: ]
[multi_error_top_k: 1]
[auc_mu_weights: ]
[num_machines: 1]
[local_listen_port: 12400]
[time_out: 120]
[machine_list_filename: ]
[machines: ]
[gpu_platform_id: -1]
[gpu_device_id: -1]
[gpu_device_id_list: ]
[gpu_use_dp: 0]
[num_gpu: 1]

end of parameters

pandas_categorical:null
