tree
version=v4
num_class=1
num_tree_per_iteration=1
label_index=0
max_feature_idx=40
objective=regression
feature_names=Column_0 Column_1 Column_2 Column_3 Column_4 Column_5 Column_6 Column_7 Column_8 Column_9 Column_10 Column_11 Column_12 Column_13 Column_14 Column_15 Column_16 Column_17 Column_18 Column_19 Column_20 Column_21 Column_22 Column_23 Column_24 Column_25 Column_26 Column_27 Column_28 Column_29 Column_30 Column_31 Column_32 Column_33 Column_34 Column_35 Column_36 Column_37 Column_38 Column_39 Column_40
feature_infos=[0.024969999999999978:3.2000000000000002] [0.12012:0.65407999999999999] [0.57918000000000003:2.10806] [0.0070600000000000012:0.018499999999999999] [0.00165:0.0083000000000000001] [0.01439:0.050299999999999997] none [0.0085800000000000043:0.17138999999999999] [-2.7755575615628914e-17:0.60048000000000012] [0:0.19581000000000001] [0:0.050279999999999991] [0:0.0025600000000000002] [0.00076000000000000004:0.0035699999999999998] [0.0024399999999999999:0.0083000000000000001] [0.13254200000000005:3.6819156666666668] [0.066007333333333335:3.3696631666666668] [0.016715134800000031:6.2119999999999997] [0.16011:0.66847000000000001] [0.0014899999999999913:0.79629000000000016] [0:0.051189999999999999] [716.01038900000003:728.53581999999994] [578.94624945403416:887.67561891398418] [-884.62820499999998:508.25512200000003] [0:0.027639600000000004] [722.20000000000005:869.70000000000005] [23.70307017543859:137.40225520002204] [4.2242421583381908:18.691981751767429] [3.2815761894310409:35.821155568839977] [886.03261618740999:7764.1601254106854] [0:20.644992697550776] [0:1] [1:3] none [2.850894000000153:146.92269499999998] [-160.42312288876224:272.05375054596584] [0.42141557968433574:32.858983070276892] none [0:32.095715575023917] [1.1085034897756931:4.3929451825540307] none none
tree_sizes=771 801 894 910 792 795 799 799 806 884 912 898 892 894 800 1078 794 888 893 796 798 808 786 907 907 793 809 899 999 792 890 893 898 999 906 797 885 914 984 1117 1087 886 788 893 1100 1092 991 1002 1113 1208

Tree=0
num_leaves=7
num_cat=0
split_feature=22 15 0 17 0 26
split_gain=11737.6 1175.42 790.375 108.771 71.9531 42.2065
threshold=468.91088550000006 0.098534750000000018 0.11006500000000001 0.45204500000000003 0.11908000000000001 7.5768785387377777
decision_type=2 2 2 2 2 2
left_child=2 -2 3 5 -4 -1
right_child=1 -3 4 -5 -6 -7
leaf_value=94.108018010267855 94.667060480365393 94.364359537423312 93.881282684136664 93.931634908744925 93.750891192490101 94.017751028248895
leaf_weight=8.0000000000000053 31 27 8.0000000000000018 7.9999999999999991 14.999999999999998 12.999999999999998
leaf_count=8 31 27 8 8 15 13
internal_value=94.2455 94.5352 93.918 94.0219 93.7904 94.0567
internal_weight=110 58 52 29 23 21
internal_count=110 58 52 29 23 21
is_linear=0
shrinkage=1


Tree=1
num_leaves=7
num_cat=0
split_feature=0 14 15 20 13 13
split_gain=165101 9130.57 924.26 500.06 130.055 93.3996
threshold=0.13059500000000004 0.31898416666666668 0.098534750000000018 721.49692950000019 0.0061600000000000014 0.0058750000000000009
decision_type=2 2 2 2 2 2
left_child=1 2 -1 4 -3 -5
right_child=-2 3 -4 5 -6 -7
leaf_value=0.66587877384308847 -3.9533287833531694 0.14886131540536876 0.38030662559509276 -0.049938695883750897 0.0084632579740136857 -0.18355431417318491
leaf_weight=30 7.9999999999999991 9.0000000000000018 24 9.0000000000000018 14.999999999999998 11.999999999999998
leaf_count=30 8 9 24 9 15 12
internal_value=-0.0619317 0.288898 0.548207 -0.0273928 0.065021 -0.131232
internal_weight=107 99 54 45 24 21
internal_count=107 99 54 45 24 21
is_linear=0
shrinkage=0.03


Tree=2
num_leaves=8
num_cat=0
split_feature=27 22 15 15 10 7 8
split_gain=158111 8524.29 1090.47 381.608 86.0555 43.0752 32.2944
threshold=27.714918755530281 468.91088550000006 0.098534750000000018 0.24840108333333336 0.013490000000000002 0.095945000000000016 0.53955500000000012
decision_type=2 2 2 2 2 2 2
left_child=1 3 -3 4 -1 -6 -5
right_child=-2 2 -4 6 5 -7 -8
leaf_value=-0.03619824269413946 -3.881353395620982 0.65382370300292969 0.3505557875061035 -0.067402824997901886 0.12164128834605213 0.031333990424871443 -0.16067648339271545
leaf_weight=8.0000000000000018 7.9999999999999991 29 24 8.0000000000000018 9.0000000000000018 10.999999999999998 10.999999999999998
leaf_count=8 8 29 24 8 9 11 11
internal_value=-0.0717448 0.268421 0.525558 -0.0264189 0.0436771 0.075901 -0.126812
internal_weight=108 100 53 47 28 20 19
internal_count=108 100 53 47 28 20 19
is_linear=0
shrinkage=0.03


Tree=3
num_leaves=8
num_cat=0
split_feature=16 8 14 17 7 37 14
split_gain=46386.2 7581.31 1344.5 236.004 112.434 31.5336 5.71947
threshold=0.25041880400000005 0.21875500000000003 0.19823300000000002 0.45204500000000003 0.10801000000000001 17.486091023228724 0.31461583333333337
decision_type=2 2 2 2 2 2 2
left_child=1 2 -1 5 -5 -3 -4
right_child=-2 3 6 4 -6 -7 -8
leaf_value=0.63415996723790324 -1.9687036839524907 0.0093759455680847131 0.35954441593004305 -0.015313562228129457 -0.14010110809803009 0.090829009509086608 0.23253067216873169
leaf_weight=30 7.9999999999999991 8.0000000000000018 22.000000000000004 12.000000000000002 13.999999999999998 8.9999999999999982 8.9999999999999982
leaf_count=30 8 8 22 12 14 9 9
internal_value=0.099372 0.275704 0.488013 -0.0296913 -0.0852627 0.0552319 0.331135
internal_weight=112 104 61 43 26 17 31
internal_count=112 104 61 43 26 17 31
is_linear=0
shrinkage=0.03


Tree=4
num_leaves=7
num_cat=0
split_feature=1 22 15 17 21 13
split_gain=151427 6935.46 1067.72 326.3 87.7741 74.7374
threshold=0.54818 468.91088550000006 0.098534750000000018 0.45204500000000003 863.77150566761736 0.0058750000000000009
decision_type=2 2 2 2 2 2
left_child=1 3 -3 4 -1 -5
right_child=-2 2 -4 5 -6 -7
leaf_value=0.015450639228929169 -3.7733383185068767 0.62136687684059144 0.3372567330428532 -0.0017536010742187492 0.13772871193662287 -0.11447121845930815
leaf_weight=10.000000000000002 7.9999999999999991 31 27 8.0000000000000018 10.999999999999998 14.999999999999998
leaf_count=10 8 31 27 8 11 15
internal_value=-0.0419346 0.284503 0.497092 -0.000513785 0.0829183 -0.0770342
internal_weight=110 102 58 44 21 23
internal_count=110 102 58 44 21 23
is_linear=0
shrinkage=0.03


Tree=5
num_leaves=7
num_cat=0
split_feature=25 22 15 17 21 35
split_gain=44043.3 6333.69 900.569 202.644 75.0962 22.6388
threshold=35.126552719298246 468.91088550000006 0.098534750000000018 0.45204500000000003 863.77150566761736 19.078670196988913
decision_type=2 2 2 2 2 2
left_child=-1 3 -3 4 -2 -5
right_child=1 2 -4 5 -6 -7
leaf_value=-1.8967280700206757 0.02271050813794135 0.598912321799142 0.33018457740783685 -0.078464955067634554 0.13394117287546395 -0.01652804390021733
leaf_weight=7.9999999999999991 11.000000000000002 34 24 9.0000000000000018 10.999999999999998 12.999999999999998
leaf_count=8 11 34 24 9 11 13
internal_value=0.117205 0.292057 0.495221 0.0191617 0.0817965 -0.044241
internal_weight=110 102 58 44 22 22
internal_count=110 102 58 44 22 22
is_linear=0
shrinkage=0.03


Tree=6
num_leaves=7
num_cat=0
split_feature=28 22 15 10 17 35
split_gain=145101 5921.55 721.981 199.811 105.289 92.7055
threshold=5549.4926648657683 468.91088550000006 0.098534750000000018 0.026330000000000003 0.45204500000000003 19.078670196988913
decision_type=2 2 2 2 2 2
left_child=1 3 -3 4 -1 -6
right_child=-2 2 -4 -5 5 -7
leaf_value=0.054479683103469699 -3.705091674566269 0.57757022722305795 0.3320921947691175 0.14077376111348469 -0.11170167285203932 6.5714422613382333e-05
leaf_weight=11.999999999999998 7.9999999999999991 30 26 7.9999999999999991 11.000000000000002 14.999999999999998
leaf_count=12 8 30 26 8 11 15
internal_value=-0.052548 0.267102 0.47145 0.0135602 -0.016106 -0.0495507
internal_weight=110 102 56 46 38 26
internal_count=110 102 56 46 38 26
is_linear=0
shrinkage=0.03


Tree=7
num_leaves=7
num_cat=0
split_feature=3 22 15 23 8 5
split_gain=143240 4788.82 908.439 234.494 72.3239 49.213
threshold=0.016185000000000001 468.91088550000006 0.098534750000000018 0.0028331000000000003 0.53105500000000017 0.031415000000000005
decision_type=2 2 2 2 2 2
left_child=1 3 -3 4 5 -1
right_child=-2 2 -4 -5 -6 -7
leaf_value=0.037824054121971123 -3.696903835773468 0.56977116332735345 0.30092460261072429 0.13340195882320405 -0.094135566294193257 -0.047024882948398586
leaf_weight=15.000000000000002 7.9999999999999991 27 27 10.999999999999998 7.9999999999999991 8.9999999999999982
leaf_count=15 8 27 27 11 8 9
internal_value=-0.0754822 0.257852 0.443291 0.02016 -0.0215844 0.00533744
internal_weight=105 97 54 43 32 24
internal_count=105 97 54 43 32 24
is_linear=0
shrinkage=0.03


Tree=8
num_leaves=7
num_cat=0
split_feature=14 16 15 23 13 12
split_gain=139733 4240.7 644.546 104.401 52.2923 19.5278
threshold=0.6139581666666668 0.08612115250000002 0.098534750000000018 0.0028331000000000003 0.0068500000000000011 0.0021250000000000006
decision_type=2 2 2 2 2 2
left_child=1 2 -1 4 5 -3
right_child=-2 3 -4 -5 -6 -7
leaf_value=0.54506408805847162 -3.6346308329105375 0.0017006045977274562 0.31174082618289523 0.10629592522382736 -0.044450006002729588 0.06371738327362321
leaf_weight=29 7.9999999999999991 8.0000000000000053 26 13.999999999999998 9.9999999999999982 9.9999999999999982
leaf_count=29 8 8 26 14 10 10
internal_value=-0.0576893 0.271379 0.442329 0.0423997 0.00783609 0.0377735
internal_weight=105 97 55 42 28 18
internal_count=105 97 55 42 28 18
is_linear=0
shrinkage=0.03


Tree=9
num_leaves=8
num_cat=0
split_feature=21 14 15 9 37 38 33
split_gain=39029.8 4016.86 521.688 228.938 178.288 54.3908 14.5926
threshold=862.1645597157484 0.31461583333333337 0.098534750000000018 0.047700000000000006 18.558291428215053 2.8004515922100448 125.92935000000001
decision_type=2 2 2 2 2 2 2
left_child=-1 2 -2 -3 -5 6 -6
right_child=1 3 -4 4 5 -7 -8
leaf_value=-1.792196712980668 0.53163680720329287 0.1935407615661621 0.3084583770088527 -0.056336898488657812 0.069281817913055363 0.13764334662755331 0.013147456920146941
leaf_weight=7.9999999999999991 31 8.9999999999999982 22 12.999999999999998 8.0000000000000053 7.9999999999999991 8.9999999999999982
leaf_count=8 31 9 22 13 8 8 9
internal_value=0.102038 0.269836 0.446452 0.0654894 0.0309381 0.0768 0.0420284
internal_weight=108 100 53 47 38 25 17
internal_count=108 100 53 47 38 25 17
is_linear=0
shrinkage=0.03


Tree=10
num_leaves=8
num_cat=0
split_feature=7 2 11 15 27 17 8
split_gain=133977 3943.01 416.55 352.698 115.705 81.0668 29.6713
threshold=0.13922500000000002 1.2467150000000002 0.00087500000000000013 0.098534750000000018 22.076943251969606 0.45204500000000003 0.52240500000000012
decision_type=2 2 2 2 2 2 2
left_child=1 3 -3 -1 5 -4 -6
right_child=-2 2 4 -5 6 -7 -8
leaf_value=0.51764940365878021 -3.557780529896418 0.21706280841827391 0.048053677317771028 0.30229864883422847 0.040475697612762436 -0.060877330158438006 0.12292382261753082
leaf_weight=32 7.9999999999999991 13.999999999999998 10.000000000000002 15.999999999999998 9.0000000000000018 12.999999999999998 8.9999999999999982
leaf_count=32 8 14 10 16 9 13 9
internal_value=-0.0466498 0.257632 0.0815937 0.453531 0.0312334 -0.0134247 0.0860787
internal_weight=111 103 55 48 41 23 18
internal_count=111 103 55 48 41 23 18
is_linear=0
shrinkage=0.03


Tree=11
num_leaves=8
num_cat=0
split_feature=0 14 15 0 35 17 10
split_gain=130523 3349.77 628.911 173.257 79.6953 114.017 15.3272
threshold=0.13059500000000004 0.31898416666666668 0.098534750000000018 0.098715000000000011 19.314800312776441 0.44463500000000006 0.018640000000000004
decision_type=2 2 2 2 2 2 2
left_child=1 2 -1 -3 5 -5 -6
right_child=-2 3 -4 4 6 -7 -8
leaf_value=0.49648056256771089 -3.5169947825272878 0.1749085470199585 0.27143939297015851 0.079801270076384101 0.039946677029132828 -0.055269523257017138 0.10339527745680377
leaf_weight=31 7.9999999999999991 8.9999999999999982 25 8.0000000000000018 8.0000000000000018 13.999999999999998 9.9999999999999982
leaf_count=31 8 9 25 8 8 14 10
internal_value=-0.0488204 0.246094 0.402567 0.0627624 0.0338424 -0.00475354 0.0788615
internal_weight=113 105 56 49 40 22 18
internal_count=113 105 56 49 40 22 18
is_linear=0
shrinkage=0.03


Tree=12
num_leaves=8
num_cat=0
split_feature=21 2 15 0 35 4 0
split_gain=130148 2991.05 303.147 224.746 185.369 73.0422 24.1741
threshold=862.1645597157484 1.2823450000000001 0.098534750000000018 0.098715000000000011 19.078670196988913 0.0034450000000000006 0.12333500000000001
decision_type=2 2 2 2 2 2 2
left_child=-1 2 -2 -3 5 -5 -6
right_child=1 3 -4 4 6 -7 -8
leaf_value=-3.5151337585250535 0.48474681205749509 0.18958265549795969 0.2954047560010637 0.035077641476284359 0.07064530740678307 -0.077201993680000303 0.15164817277590434
leaf_weight=7.9999999999999991 29 12.999999999999998 20 10.000000000000002 11.000000000000002 8.9999999999999982 7.9999999999999991
leaf_count=8 29 13 20 10 11 9 8
internal_value=-0.0587361 0.249826 0.414948 0.0862225 0.0468695 -0.0192333 0.110704
internal_weight=108 100 49 51 38 19 19
internal_count=108 100 49 51 38 19 19
is_linear=0
shrinkage=0.03


Tree=13
num_leaves=8
num_cat=0
split_feature=17 22 15 10 21 21 5
split_gain=126679 2900.23 519.394 130.047 142.469 104.924 71.0631
threshold=0.57414500000000002 468.91088550000006 0.098534750000000018 0.026330000000000003 863.92696367480653 865.83308250886591 0.028010000000000004
decision_type=2 2 2 2 2 2 2
left_child=1 3 -3 4 6 -6 -1
right_child=-2 2 -4 -5 5 -7 -8
leaf_value=0.15836599562565479 -3.4607119093736012 0.47268752861022945 0.2719070505602606 0.1640910957813263 -0.095534016331036836 0.04283148459954695 0.041529878187638057
leaf_weight=8.0000000000000018 7.9999999999999991 31 28 8.9999999999999982 8.0000000000000018 9.9999999999999982 11.999999999999998
leaf_count=8 8 31 28 9 8 10 12
internal_value=-0.0426971 0.245184 0.383547 0.0670924 0.0404621 -0.0203768 0.0936515
internal_weight=114 106 59 47 38 18 20
internal_count=114 106 59 47 38 18 20
is_linear=0
shrinkage=0.03


Tree=14
num_leaves=7
num_cat=0
split_feature=34 14 15 20 20 10
split_gain=123548 2090.3 464.496 132.511 261.377 49.4639
threshold=-10.962215617764796 0.31898416666666668 0.098534750000000018 724.86607250000009 721.49692950000019 0.016110000000000003
decision_type=2 2 2 2 2 2
left_child=1 2 -1 4 5 -3
right_child=-2 3 -4 -5 -6 -7
leaf_value=0.45570822313096787 -3.4327977969646457 0.047568655586242653 0.25805229683580067 0.16777066499453325 -0.057657500074459953 0.14461457552909851
leaf_weight=26 7.9999999999999991 9.0000000000000018 28 11.999999999999998 11.999999999999998 13.999999999999998
leaf_count=26 8 9 28 12 12 14
internal_value=-0.0638651 0.234005 0.359803 0.0849558 0.0526488 0.110267
internal_weight=109 101 54 47 35 23
internal_count=109 101 54 47 35 23
is_linear=0
shrinkage=0.03


Tree=15
num_leaves=10
num_cat=0
split_feature=25 2 9 37 20 9 25 1 23
split_gain=121983 2294.53 400.281 187.726 94.4103 53.2686 46.4354 27.7997 9.83208
threshold=35.126552719298246 1.1490100000000003 0.067345000000000016 19.085807770080049 720.23689200000001 0.023570000000000004 42.354331296296301 0.50149500000000014 0.011769000000000002
decision_type=2 2 2 2 2 2 2 2 2
left_child=-1 5 8 4 -4 -2 -6 -5 -3
right_child=1 2 3 7 6 -7 -8 -9 -10
leaf_value=-3.4033600054581958 0.46180850368075899 0.14059780184427892 0.09089259827136989 0.093096449540211582 -0.076411012848218274 0.28597285709381104 0.020797118932008741 0.18313479804992677 0.23088862025737761
leaf_weight=7.9999999999999991 26 8.0000000000000018 8.0000000000000018 12.000000000000002 7.9999999999999991 8.9999999999999982 7.9999999999999991 7.9999999999999991 23
leaf_count=8 26 8 8 12 8 9 8 8 23
internal_value=-0.0446092 0.22811 0.13143 0.0706439 0.0127003 0.425835 -0.0293544 0.136189 0.212756
internal_weight=118 110 75 44 24 35 16 20 31
internal_count=118 110 75 44 24 35 16 20 31
is_linear=0
shrinkage=0.03


Tree=16
num_leaves=7
num_cat=0
split_feature=5 2 21 15 35 5
split_gain=34609.1 1663.77 194.362 188.385 176.177 11.8194
threshold=0.019150000000000004 1.2675800000000004 864.90522935193974 0.098534750000000018 19.314800312776441 0.028700000000000003
decision_type=2 2 2 2 2 2
left_child=-1 3 4 -2 -3 -4
right_child=1 2 5 -5 -6 -7
leaf_value=-1.6911937496463456 0.42561519466746939 -0.0074215477347373947 0.12225373992919919 0.25947199799032772 0.15242033766616475 0.2027501016139984
leaf_weight=7.9999999999999991 32 14.000000000000002 9.0000000000000018 15.999999999999998 9.9999999999999982 19
leaf_count=8 32 14 9 16 10 19
internal_value=0.0924901 0.250531 0.129138 0.37669 0.062552 0.182036
internal_weight=108 100 52 48 24 28
internal_count=108 100 52 48 24 28
is_linear=0
shrinkage=0.03


Tree=17
num_leaves=8
num_cat=0
split_feature=3 14 19 27 20 25 2
split_gain=31943.6 1497.91 347.786 121.944 77.923 99.8039 27.8888
threshold=0.016185000000000001 0.28739966666666678 0.026670000000000003 22.076943251969606 720.23689200000001 41.548195921052631 0.84946500000000014
decision_type=2 2 2 2 2 2 2
left_child=1 6 3 4 -3 -6 -1
right_child=-2 2 -4 -5 5 -7 -8
leaf_value=0.4124256727942105 -1.632088003396988 0.10817310354709622 0.22171188611984252 0.15416328871250151 -0.070127975384394303 0.067576145535707469 0.25475682004292804
leaf_weight=28 7.9999999999999991 9.0000000000000018 29 12.999999999999998 8.0000000000000018 8.9999999999999982 7.9999999999999991
leaf_count=28 8 9 29 13 8 9 8
internal_value=0.0841137 0.23043 0.144043 0.0821532 0.0417163 0.00239498 0.385261
internal_weight=112 104 68 39 26 17 36
internal_count=112 104 68 39 26 17 36
is_linear=0
shrinkage=0.03


Tree=18
num_leaves=8
num_cat=0
split_feature=26 14 19 27 13 8 9
split_gain=115947 1611.87 321.333 129.163 105.329 46.2242 17.6182
threshold=12.436961637106069 0.28085016666666668 0.026670000000000003 22.076943251969606 0.0063850000000000009 0.34447500000000003 0.022095000000000004
decision_type=2 2 2 2 2 2 2
left_child=1 6 3 4 5 -3 -1
right_child=-2 2 -4 -5 -6 -7 -8
leaf_value=0.41632095948581033 -3.3160925601323443 0.02497771644592283 0.21748270704006326 0.15323552159368992 -0.039812197646498675 0.12594681433439256 0.26787235364913942
leaf_weight=28 7.9999999999999991 8.0000000000000053 28 13.999999999999998 8.9999999999999982 8.9999999999999982 8.9999999999999982
leaf_count=28 8 8 28 14 9 9 9
internal_value=-0.0473125 0.230658 0.140503 0.0825897 0.0402276 0.0825426 0.388251
internal_weight=113 105 68 40 26 17 37
internal_count=113 105 68 40 26 17 37
is_linear=0
shrinkage=0.03


Tree=19
num_leaves=7
num_cat=0
split_feature=8 0 19 26 12 7
split_gain=29777.8 1372.15 240.383 155.91 24.7125 2.6365
threshold=0.55734500000000009 0.057925000000000011 0.023065000000000006 8.8078013073314949 0.0019550000000000006 0.10589500000000002
decision_type=2 2 2 2 2 2
left_child=1 -1 3 -3 -4 -5
right_child=-2 2 4 5 -6 -7
leaf_value=0.38658262269156318 -1.5657344489693641 0.0046055540697915202 0.25605635690689083 0.10183301303386684 0.17238535833358765 0.16955742812653382
leaf_weight=34 7.9999999999999991 13.000000000000002 10.999999999999998 9.0000000000000018 32 7.9999999999999991
leaf_count=34 8 13 11 9 32 8
internal_value=0.0932328 0.230631 0.153733 0.0842524 0.199157 0.141436
internal_weight=115 107 73 30 43 17
internal_count=115 107 73 30 43 17
is_linear=0
shrinkage=0.03


Tree=20
num_leaves=7
num_cat=0
split_feature=35 14 10 27 26 13
split_gain=111149 1190.48 119.678 222.264 52.3338 53.3139
threshold=24.687827227215195 0.28085016666666668 0.026330000000000003 22.998294701889822 9.9848893520670092 0.0063850000000000009
decision_type=2 2 2 2 2 2
left_child=1 -1 3 4 5 -3
right_child=-2 2 -4 -5 -6 -7
leaf_value=0.3618309894561767 -3.2544612616697948 0.072872004491942255 0.19018263342976569 0.23085236320495606 0.11916997809843584 -0.018897173559665678
leaf_weight=34 7.9999999999999991 13.000000000000002 31 8.9999999999999982 9.9999999999999982 8.9999999999999982
leaf_count=34 8 13 31 9 10 9
internal_value=-0.0529008 0.21687 0.144376 0.106003 0.0649123 0.0360755
internal_weight=114 106 72 41 32 22
internal_count=114 106 72 41 32 22
is_linear=0
shrinkage=0.03


Tree=21
num_leaves=7
num_cat=0
split_feature=34 15 24 27 1 8
split_gain=110265 830.924 107.837 68.5452 155.886 27.8383
threshold=-10.962215617764796 0.098534750000000018 837.10000000000014 21.574223071859503 0.39324500000000001 0.12394500000000003
decision_type=2 2 2 2 2 2
left_child=1 -1 3 4 5 -3
right_child=-2 2 -4 -5 -6 -7
leaf_value=0.36713209973062783 -3.248438724120458 0.23373286813848151 0.070931440174579613 0.26358440754630347 0.069821839654445647 0.1460599291920662
leaf_weight=27 7.9999999999999991 16.000000000000004 10.999999999999998 9.9999999999999982 13.999999999999998 14.999999999999998
leaf_count=27 8 16 11 10 14 15
internal_value=-0.0768519 0.227612 0.165886 0.183244 0.160016 0.197247
internal_weight=101 93 66 55 45 31
internal_count=101 93 66 55 45 31
is_linear=0
shrinkage=0.03


Tree=22
num_leaves=7
num_cat=0
split_feature=8 14 17 20 15 25
split_gain=112408 870.535 286.208 279.59 77.434 34.9241
threshold=0.55734500000000009 0.19823300000000002 0.5266900000000001 721.49692950000019 0.23168458333333333 66.472736842105277
decision_type=2 2 2 2 2 2
left_child=1 -1 3 4 5 -3
right_child=-2 2 -4 -5 -6 -7
leaf_value=0.36449371996521945 -3.2619512402415278 0.21874814113548821 0.3177876993526112 0.011315964900530301 0.10387495588883758 0.12107183418273926
leaf_weight=31 7.9999999999999991 27 9.9999999999999982 11.999999999999998 14.999999999999998 8.9999999999999982
leaf_count=31 8 27 10 12 15 9
internal_value=-0.04464 0.23154 0.170898 0.142957 0.17309 0.198302
internal_weight=112 104 73 63 51 36
internal_count=112 104 73 63 51 36
is_linear=0
shrinkage=0.03


Tree=23
num_leaves=8
num_cat=0
split_feature=7 15 27 28 28 25 18
split_gain=106081 760.786 242.232 179.905 52.4687 49.6583 5.99044
threshold=0.13922500000000002 0.098534750000000018 22.998294701889822 3227.5097056256759 4321.6308716575504 44.211322314818197 0.15105500000000002
decision_type=2 2 2 2 2 2 2
left_child=1 -1 3 6 5 -5 -3
right_child=-2 2 -4 4 -6 -7 -8
leaf_value=0.3515546919822693 -3.1746121786435446 0.21295708633871635 0.27379382318258283 -0.0021068856174295582 0.13453322610855104 0.089914794054898342 0.14111771556309291
leaf_weight=29 7.9999999999999991 16.000000000000004 14.999999999999998 10.000000000000005 8.9999999999999982 9.9999999999999982 12.999999999999998
leaf_count=29 8 16 15 10 9 10 13
internal_value=-0.0516174 0.221752 0.166113 0.13407 0.0770406 0.0459232 0.186581
internal_weight=110 102 73 58 29 20 29
internal_count=110 102 73 58 29 20 29
is_linear=0
shrinkage=0.03


Tree=24
num_leaves=8
num_cat=0
split_feature=26 0 1 10 4 8 9
split_gain=103625 800.035 258.545 246.393 121.563 57.4877 4.39358
threshold=12.436961637106069 0.044875000000000012 0.5103700000000001 0.026330000000000003 0.0036800000000000005 0.32485000000000003 0.039450000000000006
decision_type=2 2 2 2 2 2 2
left_child=1 -1 3 4 -3 -6 -5
right_child=-2 2 -4 6 5 -7 -8
leaf_value=0.34013625063615682 -3.1368799462318422 -0.030991672317186972 0.28889832067489624 0.15351136788199926 0.035746560162305811 0.13720758923292162 0.22731283598679763
leaf_weight=33 7.9999999999999991 8.0000000000000018 10.999999999999998 16.000000000000004 9.0000000000000018 13.999999999999998 11.999999999999998
leaf_count=33 8 8 11 16 9 14 12
internal_value=-0.0490321 0.218643 0.157362 0.128407 0.0667704 0.100712 0.19194
internal_weight=111 103 70 59 31 23 28
internal_count=111 103 70 59 31 23 28
is_linear=0
shrinkage=0.03


Tree=25
num_leaves=7
num_cat=0
split_feature=21 2 17 0 35 13
split_gain=108582 538.063 407.472 273.495 121.439 34.4926
threshold=862.1645597157484 1.0333400000000001 0.5266900000000001 0.10333500000000001 19.078670196988913 0.0055250000000000013
decision_type=2 2 2 2 2 2
left_child=-1 -2 3 5 -5 -3
right_child=1 2 -4 4 -6 -7
leaf_value=-3.2121832702954611 0.32362599416460308 0.14781737524065477 0.31270098319053646 -0.054048361023267079 0.098293897068500516 0.24230231825510662
leaf_weight=7.9999999999999991 34 28 13.999999999999998 8.0000000000000018 8.9999999999999982 7.9999999999999991
leaf_count=8 34 28 14 8 9 8
internal_value=-0.0538391 0.225352 0.171433 0.128989 0.0275002 0.174836
internal_weight=109 101 67 53 17 36
internal_count=109 101 67 53 17 36
is_linear=0
shrinkage=0.03


Tree=26
num_leaves=7
num_cat=0
split_feature=0 29 23 2 13 9
split_gain=99509 491.831 279.862 156.577 80.8641 38.6281
threshold=0.13059500000000004 13.141893782861102 1.0000000180025095e-35 1.8134250000000003 0.0061600000000000014 0.090235000000000024
decision_type=2 2 2 2 2 2
left_child=1 2 -1 4 5 -3
right_child=-2 3 -4 -5 -6 -7
leaf_value=0.32475221619166822 -3.0782537999153141 0.16048415377265526 0.15374686083197595 0.036543662428855893 0.25152707061767576 0.070913794791698459
leaf_weight=37 7.9999999999999991 18.000000000000004 14.999999999999998 10.999999999999998 8.9999999999999982 8.9999999999999982
leaf_count=37 8 18 15 11 9 9
internal_value=-0.0572465 0.215202 0.279284 0.13993 0.169638 0.13428
internal_weight=107 99 52 47 36 27
internal_count=107 99 52 47 36 27
is_linear=0
shrinkage=0.03


Tree=27
num_leaves=8
num_cat=0
split_feature=34 29 23 4 34 23 5
split_gain=97474 519.307 322.063 196.502 111.673 17.5245 11.4766
threshold=-13.515438402226605 13.141893782861102 0.0028331000000000003 0.0036800000000000005 -37.186785163665483 0.0151804 0.033880000000000007
decision_type=2 2 2 2 2 2 2
left_child=1 2 -1 -3 6 -4 -5
right_child=-2 3 5 4 -6 -7 -8
leaf_value=0.32092777320742605 -3.0379278554916382 0.025542960240290711 0.098348965485890658 0.26296482944488514 0.074913733756542186 0.18716156621412797 0.15739286496422508
leaf_weight=43 7.9999999999999991 11.999999999999998 8.0000000000000018 8.0000000000000018 9.0000000000000018 9.9999999999999982 9.9999999999999982
leaf_count=43 8 12 8 8 9 10 10
internal_value=-0.0466689 0.220326 0.275286 0.129593 0.173219 0.155022 0.215763
internal_weight=108 100 61 39 27 18 18
internal_count=108 100 61 39 27 18 18
is_linear=0
shrinkage=0.03


Tree=28
num_leaves=9
num_cat=0
split_feature=7 4 22 23 8 28 1 2
split_gain=95179.1 603.685 405.342 207.135 184.221 239.962 20.314 13.0246
threshold=0.13922500000000002 0.0048700000000000002 416.2521450000001 0.011769000000000002 0.25948000000000004 4470.6576039649672 0.41754000000000008 1.2675800000000004
decision_type=2 2 2 2 2 2 2 2
left_child=1 2 -1 -3 7 6 -6 -4
right_child=-2 3 4 -5 5 -7 -8 -9
leaf_value=0.32959629956881203 -2.9921012328465784 0.3184501322337559 0.19620380500646731 0.16339374580383301 0.0079941943685213658 0.15039357262849806 -0.056698778808116905 0.12120765684332167
leaf_weight=7.9999999999999991 7.9999999999999991 41 12.000000000000002 13.999999999999998 8.0000000000000053 10.999999999999998 7.9999999999999991 12.999999999999998
leaf_count=8 8 41 12 14 8 11 8 13
internal_value=-0.0202725 0.210462 0.140735 0.282631 0.10598 0.0487993 -0.0256965 0.163425
internal_weight=123 115 60 55 52 27 16 25
internal_count=123 115 60 55 52 27 16 25
is_linear=0
shrinkage=0.03


Tree=29
num_leaves=7
num_cat=0
split_feature=28 15 7 4 33 12
split_gain=277.982 433.568 139.05 134.554 47.3201 33.4563
threshold=4853.6598691952904 0.098534750000000018 0.12230000000000002 0.0037400000000000007 74.98555800000004 0.0019550000000000006
decision_type=2 2 2 2 2 2
left_child=1 -1 3 -3 -5 -6
right_child=-2 2 -4 4 5 -7
leaf_value=0.29480530302341168 0.33626598975062366 0.027642178402497213 0.24086372616887092 0.082693789147413696 0.21499922025203697 0.12669279462726493
leaf_weight=25 14.999999999999998 11.999999999999998 10.999999999999998 11.999999999999998 11.000000000000002 18
leaf_count=25 15 12 11 12 11 18
internal_value=0.21301 0.188715 0.143352 0.119 0.144409 0.166288
internal_weight=104 89 64 53 41 29
internal_count=104 89 64 53 41 29
is_linear=0
shrinkage=0.03


Tree=30
num_leaves=8
num_cat=0
split_feature=21 27 14 11 37 25 7
split_gain=23025.3 396.143 551.245 159.377 98.0235 65.7456 38.2138
threshold=862.1645597157484 22.998294701889822 0.19823300000000002 0.00087500000000000013 18.558291428215053 44.726398073687946 0.086745000000000003
decision_type=2 2 2 2 2 2 2
left_child=-1 2 -2 6 5 -5 -4
right_child=1 -3 3 4 -6 -7 -8
leaf_value=-1.2975920446872711 0.28301376663554795 0.36527540486199511 0.13584419153286861 -0.042235577245553303 0.1410785318935911 0.072624109129110964 0.22829273614883425
leaf_weight=8.9999999999999982 32 12.999999999999998 25 8.0000000000000053 7.9999999999999991 7.9999999999999991 8.9999999999999982
leaf_count=9 32 13 25 8 8 8 9
internal_value=0.0782298 0.209783 0.183539 0.124764 0.0617281 0.0159998 0.166182
internal_weight=112 103 90 58 24 16 34
internal_count=112 103 90 58 24 16 34
is_linear=0
shrinkage=0.03


Tree=31
num_leaves=8
num_cat=0
split_feature=1 4 7 2 28 10 25
split_gain=91824.8 387.565 194.446 148.908 152.323 109.2 87.2362
threshold=0.54818 0.0048700000000000002 0.12230000000000002 1.2823450000000001 4470.6576039649672 0.033180000000000008 45.631299166666672
decision_type=2 2 2 2 2 2 2
left_child=1 2 3 -1 6 -3 -5
right_child=-2 5 -4 4 -6 -7 -8
leaf_value=0.18681193008422853 -2.9590669844945272 0.28352111234664912 0.24562108049484399 -0.045507220244407634 0.16597413990497589 0.13977920422554016 0.069244231009483334
leaf_weight=13.999999999999998 7.9999999999999991 39 11.999999999999998 9.0000000000000018 8.9999999999999982 8.9999999999999982 13.999999999999998
leaf_count=14 8 39 12 9 9 9 14
internal_value=-0.0491033 0.196105 0.139688 0.107383 0.0679798 0.260003 0.0242538
internal_weight=114 106 58 46 32 48 23
internal_count=114 106 58 46 32 48 23
is_linear=0
shrinkage=0.03


Tree=32
num_leaves=8
num_cat=0
split_feature=37 17 2 20 13 27 8
split_gain=23352 530.592 299.806 173.647 69.954 38.6892 8.65617
threshold=4.8051673908123167 0.5266900000000001 0.83471000000000017 721.49692950000019 0.0061600000000000014 15.683821884549657 0.13492500000000004
decision_type=2 2 2 2 2 2 2
left_child=-1 2 -2 4 5 6 -4
right_child=1 -3 3 -5 -6 -7 -8
leaf_value=-1.3921561438242593 0.27369227232251842 0.37415538390874858 0.17686329973445214 0.030177196314701667 0.22849649606301237 0.077658924854718731 0.11013145583868027
leaf_weight=7.9999999999999991 20 13.999999999999998 16.000000000000004 11.999999999999998 11.999999999999998 11.999999999999998 10.999999999999998
leaf_count=8 20 14 16 12 12 12 11
internal_value=0.0711183 0.20479 0.172091 0.13604 0.159861 0.13352 0.154634
internal_weight=105 97 83 63 51 39 27
internal_count=105 97 83 63 51 39 27
is_linear=0
shrinkage=0.03


Tree=33
num_leaves=9
num_cat=0
split_feature=37 16 4 7 4 10 22 27
split_gain=23523.4 411.228 265.625 344.681 136.235 119.371 36.2471 31.752
threshold=4.8051673908123167 0.24682184725000003 0.0048700000000000002 0.12757500000000002 0.0037400000000000007 0.027125000000000003 471.32396000000011 22.076943251969606
decision_type=2 2 2 2 2 2 2 2
left_child=-1 2 3 4 -2 -4 7 -6
right_child=1 -3 5 -5 6 -7 -8 -9
leaf_value=-1.3970053631464638 0.0038855705284155328 0.39510380766391751 0.27362558193206787 0.29982392652829487 0.050178400009870491 0.13926534907634444 0.1728802343715321 0.1346336874763171
leaf_weight=7.9999999999999991 11.999999999999998 8.9999999999999982 29 7.9999999999999991 11.000000000000005 11.999999999999998 9.9999999999999982 7.9999999999999991
leaf_count=8 12 9 29 8 11 12 10 8
internal_value=0.0728765 0.204452 0.181238 0.129409 0.0897747 0.238588 0.123951 0.0907672
internal_weight=107 99 90 49 41 41 29 19
internal_count=107 99 90 49 41 41 29 19
is_linear=0
shrinkage=0.03


Tree=34
num_leaves=8
num_cat=0
split_feature=5 4 37 8 23 26 8
split_gain=88027.5 441.206 224.819 174.789 167.891 151.187 86.42
threshold=0.016740000000000005 0.004915000000000001 20.576819347058642 0.10087500000000003 0.011769000000000002 10.371057073880927 0.25948000000000004
decision_type=2 2 2 2 2 2 2
left_child=-1 2 3 -2 -3 6 -5
right_child=1 4 -4 5 -6 -7 -8
leaf_value=-2.9075515578587847 0.18514950942993164 0.29314638637815199 0.2396357971704923 0.077906214451789788 0.13715584236383438 0.1555003482500712 -0.035996907734870909
leaf_weight=7.9999999999999991 11.999999999999998 34 11.999999999999998 9.0000000000000053 10.999999999999998 7.9999999999999991 13.999999999999998
leaf_count=8 12 34 12 9 11 8 14
internal_value=-0.0650794 0.18884 0.127925 0.0919785 0.258859 0.0512066 0.00990036
internal_weight=108 100 55 43 45 31 23
internal_count=108 100 55 43 45 31 23
is_linear=0
shrinkage=0.03


Tree=35
num_leaves=7
num_cat=0
split_feature=38 17 18 23 4 4
split_gain=91848.8 475.253 542.721 385.722 142.421 20.2391
threshold=3.1039931071203508 0.5266900000000001 0.36578000000000005 0.0070090999999999981 0.0046600000000000001 0.0043450000000000008
decision_type=2 2 2 2 2 2
left_child=1 2 3 -1 -4 -5
right_child=-2 -3 4 5 -6 -7
leaf_value=0.27948846587381865 -2.96378252440691 0.37804513062880585 -0.030033532093350697 0.069432066917419405 0.12587183896700543 0.14249341208594185
leaf_weight=37 7.9999999999999991 11.999999999999998 12.000000000000002 8.0000000000000018 7.9999999999999991 20
leaf_count=37 8 12 12 8 8 20
internal_value=-0.0638984 0.203054 0.174224 0.21577 0.0352815 0.124784
internal_weight=105 97 85 65 20 28
internal_count=105 97 85 65 20 28
is_linear=0
shrinkage=0.03


Tree=36
num_leaves=8
num_cat=0
split_feature=34 1 2 2 20 7 23
split_gain=88391.6 638.41 502.198 196.752 82.0836 113.758 22.6812
threshold=-10.962215617764796 0.5103700000000001 0.84946500000000014 1.8134250000000003 721.49692950000019 0.095945000000000016 0.011769000000000002
decision_type=2 2 2 2 2 2 2
left_child=1 2 -1 4 5 6 -4
right_child=-2 -3 3 -5 -6 -7 -8
leaf_value=0.26493363636732098 -2.9014844694137576 0.40022152541233941 0.066677453171123155 -0.02253011337419351 0.039861766735712685 0.23489081519842148 0.1340105390963347
leaf_weight=31 7.9999999999999991 11.999999999999998 9.9999999999999982 7.9999999999999991 7.9999999999999991 10.999999999999998 22
leaf_count=31 8 12 10 8 8 11 22
internal_value=-0.0507634 0.198807 0.167832 0.113223 0.13457 0.15085 0.115673
internal_weight=110 102 90 59 51 43 32
internal_count=110 102 90 59 51 43 32
is_linear=0
shrinkage=0.03


Tree=37
num_leaves=8
num_cat=0
split_feature=35 10 29 12 21 12 11
split_gain=87200.1 294.575 181.246 183.729 150.048 55.9564 28.9443
threshold=24.687827227215195 0.020065000000000003 14.388956932662776 0.0021250000000000006 863.77150566761736 0.0025850000000000001 0.00056000000000000006
decision_type=2 2 2 2 2 2 2
left_child=1 2 3 -1 -4 6 -3
right_child=-2 5 4 -5 -6 -7 -8
leaf_value=0.14241784799098967 -2.8897988595962523 0.10135025127232072 0.045720230734348277 0.30643757827986373 0.22135391364097595 0.053396893013607366 0.17875813951492309
leaf_weight=10.999999999999998 7.9999999999999991 15.000000000000002 9.0000000000000018 32 8.9999999999999982 9.9999999999999982 13.999999999999998
leaf_count=11 8 15 9 32 9 10 14
internal_value=-0.0606895 0.191995 0.233818 0.268704 0.140644 0.122334 0.143483
internal_weight=108 100 61 43 18 39 29
internal_count=108 100 61 43 18 39 29
is_linear=0
shrinkage=0.03


Tree=38
num_leaves=9
num_cat=0
split_feature=21 17 2 23 22 9 23 25
split_gain=20737.7 658.363 428.397 291.823 111.64 111.573 51.4234 7.30836
threshold=862.1645597157484 0.5266900000000001 1.8134250000000003 0.0048628000000000031 415.13783850000004 0.090235000000000024 0.0151804 61.994646842105269
decision_type=2 2 2 2 2 2 2 2
left_child=-1 2 3 5 -3 -2 -5 -8
right_child=1 4 -4 6 -6 -7 7 -9
leaf_value=-1.2264850686550139 0.26796523083278112 0.47163560454050679 -0.025419920048117637 0.040572987635930362 0.24922737822532656 0.13071672583710064 0.15513075032234189 0.088869276086489354
leaf_weight=8.9999999999999982 34 8.0000000000000018 8.9999999999999982 8.0000000000000018 8.9999999999999982 9.9999999999999982 14.000000000000002 7.9999999999999991
leaf_count=9 34 8 9 8 9 10 14 8
internal_value=0.0775687 0.20593 0.167368 0.190861 0.374361 0.240404 0.11274 0.136012
internal_weight=109 100 83 74 17 44 30 22
internal_count=109 100 83 74 17 44 30 22
is_linear=0
shrinkage=0.03


Tree=39
num_leaves=10
num_cat=0
split_feature=3 13 4 7 8 10 13 13 25
split_gain=87037.2 623.715 299.973 256.889 246.676 123.106 117.72 52.9185 9.5114
threshold=0.016185000000000001 0.0069550000000000011 0.0048700000000000002 0.12230000000000002 0.10087500000000003 0.031685000000000005 0.0058750000000000009 0.0047950000000000015 46.375976929824567
decision_type=2 2 2 2 2 2 2 2 2
left_child=1 2 3 4 -1 7 8 -4 -6
right_child=-2 -3 5 -5 6 -7 -8 -9 -10
leaf_value=0.17009472921916419 -2.8950451745986938 0.43264944616953527 0.1980184971570968 0.25130687618255615 0.026922907173633551 0.11731091576814651 -0.076834885120391841 0.31621653600839467 0.076628147220611578
leaf_weight=12.999999999999998 7.9999999999999991 7.9999999999999991 19.000000000000004 7.9999999999999991 8.0000000000000053 10.999999999999998 7.9999999999999991 11.999999999999998 8.9999999999999982
leaf_count=13 8 8 19 8 8 11 8 12 9
internal_value=-0.0734475 0.189092 0.162321 0.105599 0.0692282 0.22051 0.0121951 0.252271 0.056116
internal_weight=104 96 88 46 38 42 25 31 17
internal_count=104 96 88 46 38 42 25 31 17
is_linear=0
shrinkage=0.03


Tree=40
num_leaves=10
num_cat=0
split_feature=38 34 29 23 29 20 24 25 20
split_gain=19318.5 707.573 353.629 219.724 174.699 120.305 100.154 23.8375 6.36748
threshold=3.1039931071203508 -13.515438402226605 13.375532400819864 0.0028331000000000003 15.631371636577088 722.0674745 795.80000000000007 50.139461142861038 719.3775720000001
decision_type=2 2 2 2 2 2 2 2 2
left_child=1 2 3 5 -4 6 -1 -6 -9
right_child=-2 -3 4 -5 7 -7 -8 8 -10
leaf_value=0.23113761559848126 -1.2598847316106159 0.42089264748313204 -0.0097274553592388447 0.08852939131430218 0.070253930727640745 0.35461535199483235 0.092938984821240092 0.10147076700131094 0.17737216315269472
leaf_weight=28 7.9999999999999991 9.9999999999999982 11.999999999999998 12.999999999999998 8.0000000000000018 7.9999999999999991 7.9999999999999991 8.0000000000000018 8.9999999999999982
leaf_count=28 8 10 12 13 8 8 8 8 9
internal_value=0.0748808 0.18859 0.159691 0.206464 0.0840602 0.238533 0.203809 0.127779 0.149359
internal_weight=112 104 94 57 37 44 36 25 17
internal_count=112 104 94 57 37 44 36 25 17
is_linear=0
shrinkage=0.03


Tree=41
num_leaves=8
num_cat=0
split_feature=25 28 2 5 8 24 2
split_gain=83090.2 413.652 252.702 343.553 169.72 21.8743 6.65148
threshold=35.126552719298246 4674.9386972156599 0.84946500000000014 0.026460000000000004 0.25948000000000004 791.15000000000009 1.2467150000000002
decision_type=2 2 2 2 2 2 2
left_child=-1 2 5 -4 6 -2 -5
right_child=1 -3 3 4 -6 -7 -8
leaf_value=-2.8223061631520587 0.24977479185104368 0.37117177448272703 0.25413339093753268 0.1395847189286176 -0.0021610709689557552 0.14598375860850016 0.093153385493159296
leaf_weight=7.9999999999999991 24 8.9999999999999982 12.999999999999998 15.999999999999998 14.999999999999998 7.9999999999999991 19
leaf_count=8 24 9 13 16 15 8 19
internal_value=-0.0563187 0.181288 0.159604 0.121262 0.082381 0.229083 0.117709
internal_weight=112 104 95 63 50 32 35
internal_count=112 104 95 63 50 32 35
is_linear=0
shrinkage=0.03


Tree=42
num_leaves=7
num_cat=0
split_feature=2 27 2 7 18 25
split_gain=19687.1 814.987 258.571 81.7733 76.9402 20.1331
threshold=1.9322800000000002 20.447453212506016 0.84946500000000014 0.10589500000000002 0.36578000000000005 64.57623263704248
decision_type=2 2 2 2 2 2
left_child=1 2 -1 -3 5 -4
right_child=-2 3 4 -5 -6 -7
leaf_value=0.22263477969991749 -1.2630287431081135 0.22929221100211136 0.13986391691503852 0.40676326936483381 0.034763856741098255 0.072333376264572147
leaf_weight=28 7.9999999999999991 9.0000000000000018 28 14.999999999999998 11.999999999999998 8.9999999999999982
leaf_count=28 8 9 28 15 12 9
internal_value=0.0829782 0.200945 0.1499 0.352105 0.104686 0.125813
internal_weight=109 101 77 24 49 37
internal_count=109 101 77 24 49 37
is_linear=0
shrinkage=0.03


Tree=43
num_leaves=8
num_cat=0
split_feature=37 27 10 3 19 17 7
split_gain=86213.1 1077.86 186.02 110.747 108.598 79.2626 10.9707
threshold=4.8051673908123167 22.998294701889822 0.021445000000000002 0.013820000000000001 0.027420000000000003 0.5266900000000001 0.041315000000000011
decision_type=2 2 2 2 2 2 2
left_child=-1 2 3 -2 -4 -3 -6
right_child=1 5 4 -5 6 -7 -8
leaf_value=-2.8644185358683272 0.21875289708546228 0.26722571357091257 -0.0050883011420567829 0.10796736339479684 0.073651188353697425 0.48231621252406726 0.13717014722029366
leaf_weight=7.9999999999999991 34 8.0000000000000018 7.9999999999999991 14.999999999999998 8.0000000000000018 9.9999999999999982 17
leaf_count=8 34 8 8 15 8 10 17
internal_value=-0.0513009 0.199866 0.150277 0.187707 0.0907685 0.405895 0.120516
internal_weight=108 100 82 49 33 18 25
internal_count=108 100 82 49 33 18 25
is_linear=0
shrinkage=0.03


Tree=44
num_leaves=10
num_cat=0
split_feature=17 37 34 2 2 13 28 8 13
split_gain=78148.2 810.873 475.101 194.244 97.4617 107.089 112.539 26.5167 2.48788
threshold=0.57414500000000002 19.085807770080049 -98.985447086182134 1.8572700000000002 1.8134250000000003 0.0061600000000000014 2933.3449073498027 0.090910000000000019 0.0047950000000000015
decision_type=2 2 2 2 2 2 2 2 2
left_child=1 2 -1 -3 5 6 7 -4 -9
right_child=-2 3 4 -5 -6 -7 -8 8 -10
leaf_value=0.25773658641815178 -2.7212905921936037 0.25086465743396957 0.14436213916540144 0.48421254698435462 0.0057545079052448269 0.20526645026206972 -0.010879253536462784 0.094536424716313669 0.051969918449719744
leaf_weight=24 7.9999999999999991 13.000000000000002 15.000000000000002 7.9999999999999991 8.9999999999999982 8.9999999999999982 7.9999999999999991 7.9999999999999991 7.9999999999999991
leaf_count=24 8 13 15 8 9 9 8 8 8
internal_value=-0.0407841 0.193816 0.14744 0.357796 0.0973301 0.114002 0.0882985 0.11348 0.0776504
internal_weight=110 102 81 21 57 48 39 31 16
internal_count=110 102 81 21 57 48 39 31 16
is_linear=0
shrinkage=0.03


Tree=45
num_leaves=10
num_cat=0
split_feature=7 17 4 8 35 20 10 22 35
split_gain=77088.8 1127 311.723 127.128 125.521 79.4485 29.0557 5.98755 5.13683
threshold=0.13922500000000002 0.5266900000000001 0.004915000000000001 0.25948000000000004 19.314800312776441 719.29606350000006 0.023880000000000002 471.32396000000011 10.351245186482538
decision_type=2 2 2 2 2 2 2 2 2
left_child=1 2 3 6 -5 8 -1 -8 -4
right_child=-2 -3 5 4 -6 -7 7 -9 -10
leaf_value=0.17627941274642939 -2.7154106750488283 0.40511896146045007 0.16583869202931714 -0.024795909918844689 0.11562701562047005 0.23930357606844466 0.05927455021937688 0.11433632397651673 0.098441968308253733
leaf_weight=8.0000000000000018 7.9999999999999991 15.999999999999998 8.0000000000000018 15.000000000000002 7.9999999999999991 21 7.9999999999999991 7.9999999999999991 9.9999999999999982
leaf_count=8 8 16 8 15 8 21 8 8 10
internal_value=-0.0532267 0.179894 0.133799 0.0790817 0.026767 0.196077 0.126081 0.0919999 0.135627
internal_weight=110 102 86 47 23 39 24 16 18
internal_count=110 102 86 47 23 39 24 16 18
is_linear=0
shrinkage=0.03


Tree=46
num_leaves=9
num_cat=0
split_feature=21 1 9 10 27 5 2 15
split_gain=83228.7 1061.26 331.917 173.927 117.358 75.2028 20.4457 6.30141
threshold=862.1645597157484 0.49900500000000009 0.090235000000000024 0.027955000000000004 21.193455051892567 0.038990000000000004 1.2467150000000002 0.29219366666666674
decision_type=2 2 2 2 2 2 2 2
left_child=-1 2 3 5 -4 -2 -5 -3
right_child=1 7 4 6 -6 -7 -8 -9
leaf_value=-2.8066986042658488 0.25154851855039595 0.30798361617326725 -0.03904413886964319 0.13712262280170731 0.11097304298480352 0.13812819038904631 0.06601154448159717 0.485295637289683
leaf_weight=7.9999999999999991 29 11.000000000000002 9.0000000000000018 12.000000000000002 7.9999999999999991 11.999999999999998 9.9999999999999982 7.9999999999999991
leaf_count=8 29 11 9 12 8 12 10 8
internal_value=-0.0437839 0.205301 0.153872 0.18524 0.033712 0.222467 0.10914 0.403248
internal_weight=107 99 80 63 17 41 22 19
internal_count=107 99 80 63 17 41 22 19
is_linear=0
shrinkage=0.03


Tree=47
num_leaves=9
num_cat=0
split_feature=20 37 10 10 21 9 5 1
split_gain=73255.2 771.516 338.549 147.587 102.21 37.4199 33.8473 2.57772
threshold=725.5550290000001 20.576819347058642 0.020065000000000003 0.026330000000000003 863.77150566761736 0.039450000000000006 0.038990000000000004 0.31475000000000003
decision_type=2 2 2 2 2 2 2 2
left_child=1 2 4 -4 -1 7 -6 -5
right_child=-2 -3 3 5 6 -7 -8 -9
leaf_value=0.099171254071322365 -2.635128229300181 0.40704040057842544 -0.031270967364311217 0.060993095222573977 0.24269329684430899 0.16682693227132162 0.15058987817397484 0.10188455963134765
leaf_weight=9.9999999999999982 7.9999999999999991 11.999999999999998 7.9999999999999991 12.000000000000005 32 7.9999999999999991 11.999999999999998 7.9999999999999991
leaf_count=10 8 12 8 12 32 8 12 8
internal_value=-0.0398948 0.187246 0.153773 0.0792264 0.201099 0.110838 0.221512 0.0814939
internal_weight=110 102 90 36 54 28 44 20
internal_count=110 102 90 36 54 28 44 20
is_linear=0
shrinkage=0.03


Tree=48
num_leaves=10
num_cat=0
split_feature=3 1 2 13 2 13 12 24 25
split_gain=77943.3 1029.66 339.819 528.419 283.538 77.8428 54.6225 30.31 16.7936
threshold=0.015645000000000003 0.49900500000000009 1.8134250000000003 0.0061600000000000014 0.84946500000000014 0.0052300000000000011 0.0023650000000000003 787.35000000000002 55.408327537593948
decision_type=2 2 2 2 2 2 2 2 2
left_child=1 2 3 4 7 6 8 -1 -6
right_child=-2 -3 -4 -5 5 -7 -8 -9 -10
leaf_value=0.23596062439366386 -2.7365651462872824 0.49749498907725015 -0.029078707337379453 0.35054294286324422 0.16008140594309017 0.00020708087682723997 0.035038864409923549 0.12887754583358765 0.082611144882068027
leaf_weight=18.000000000000004 7.9999999999999991 7.9999999999999991 7.9999999999999991 11.999999999999998 10.000000000000005 8.9999999999999982 8.9999999999999982 7.9999999999999991 8.9999999999999982
leaf_count=18 8 8 8 12 10 9 9 8 9
internal_value=-0.0726317 0.188744 0.153398 0.173009 0.134221 0.0774728 0.101393 0.209061 0.129425
internal_weight=99 91 83 75 63 37 28 26 19
internal_count=99 91 83 75 63 37 28 26 19
is_linear=0
shrinkage=0.03


Tree=49
num_leaves=11
num_cat=0
split_feature=0 35 34 7 1 13 20 33 18 37
split_gain=72069.5 759.769 282.968 242.582 172.969 85.5016 56.1017 49.844 14.1152 6.0706
threshold=0.13059500000000004 19.314800312776441 -100.40224776147777 0.12230000000000002 0.40329000000000004 0.0061600000000000014 720.11064000000022 97.329355000000092 0.15105500000000002 4.8051673908123167
decision_type=2 2 2 2 2 2 2 2 2 2
left_child=1 2 9 4 6 -3 7 8 -4 -1
right_child=-2 5 3 -5 -6 -7 -8 -9 -10 -11
leaf_value=0.2786801296869913 -2.6179572397867839 0.22159364876747123 0.11440444342295326 0.23905797586441038 -0.029307357549667356 0.4067416779994964 0.15666099335597111 0.0095325459937254595 0.059354363448917861 0.1796373467683792
leaf_weight=8.0000000000000018 7.9999999999999991 9.0000000000000018 17.000000000000004 8.9999999999999982 10.999999999999998 10.999999999999998 11.999999999999998 7.9999999999999991 10.999999999999998 13.999999999999998
leaf_count=8 8 9 17 9 11 11 12 8 11 14
internal_value=-0.0362797 0.173359 0.133439 0.100541 0.0757538 0.338016 0.0999677 0.0773061 0.0956218 0.226269
internal_weight=118 110 90 68 59 20 48 36 28 22
internal_count=118 110 90 68 59 20 48 36 28 22
is_linear=0
shrinkage=0.03


end of trees

feature_importances:
Column_2=22
Column_15=21
Column_8=17
Column_13=17
Column_7=16
Column_10=16
Column_17=16
Column_25=14
Column_4=13
Column_20=13
Column_21=13
Column_23=13
Column_27=13
Column_0=12
Column_14=12
Column_1=11
Column_22=11
Column_35=11
Column_37=11
Column_5=9
Column_9=9
Column_28=8
Column_34=8
Column_12=6
Column_26=6
Column_3=5
Column_29=5
Column_18=4
Column_19=4
Column_24=4
Column_11=3
Column_16=3
Column_33=3
Column_38=3

parameters:
[boosting: gbdt]
[objective: regression]
[metric: l2]
[tree_learner: serial]
[device_type: cpu]
[data_sample_strategy: bagging]
[data: ]
[valid: ]
[num_iterations: 50]
[learning_rate: 0.03]
[num_leaves: 15]
[num_threads: 1]
[seed: 20260723]
[deterministic: 1]
[force_col_wise: 1]
[force_row_wise: 0]
[histogram_pool_size: -1]
[max_depth: -1]
[min_data_in_leaf: 8]
[min_sum_hessian_in_leaf: 0.001]
[bagging_fraction: 0.85]
[pos_bagging_fraction: 1]
[neg_bagging_fraction: 1]
[bagging_freq: 1]
[bagging_seed: 20260723]
[bagging_by_query: 0]
[feature_fraction: 0.85]
[feature_fraction_bynode: 1]
[feature_fraction_seed: 20260723]
[extra_trees: 0]
[extra_seed: 20591]
[early_stopping_round: 0]
[early_stopping_min_delta: 0]
[first_metric_only: 0]
[max_delta_step: 0]
[lambda_l1: 0.05]
[lambda_l2: 1]
[linear_lambda: 0]
[min_gain_to_split: 0.0001]
[drop_rate: 0.1]
[max_drop: 50]
[skip_drop: 0.5]
[xgboost_dart_mode: 0]
[uniform_drop: 0]
[drop_seed: 9722]
[top_rate: 0.2]
[other_rate: 0.1]
[min_data_per_group: 100]
[max_cat_threshold: 32]
[cat_l2: 10]
[cat_smooth: 10]
[max_cat_to_onehot: 4]
[top_k: 20]
[monotone_constraints: ]
[monotone_constraints_method: basic]
[monotone_penalty: 0]
[feature_contri: ]
[forcedsplits_filename: ]
[refit_decay_rate: 0.9]
[cegb_tradeoff: 1]
[cegb_penalty_split: 0]
[cegb_penalty_feature_lazy: ]
[cegb_penalty_feature_coupled: ]
[path_smooth: 0]
[interaction_constraints: ]
[verbosity: -1]
[saved_feature_importance_type: 0]
[use_quantized_grad: 0]
[num_grad_quant_bins: 4]
[quant_train_renew_leaf: 0]
[stochastic_rounding: 1]
[linear_tree: 0]
[max_bin: 127]
[max_bin_by_feature: ]
[min_data_in_bin: 3]
[bin_construct_sample_cnt: 200000]
[data_random_seed: 20260723]
[is_enable_sparse: 1]
[enable_bundle: 1]
[use_missing: 1]
[zero_as_missing: 0]
[feature_pre_filter: 1]
[pre_partition: 0]
[two_round: 0]
[header: 0]
[label_column: ]
[weight_column: ]
[group_column: ]
[ignore_column: ]
[categorical_feature: ]
[forcedbins_filename: ]
[precise_float_parser: 0]
[parser_config_file: ]
[objective_seed: 5935]
[num_class: 1]
[is_unbalance: 0]
[scale_pos_weight: 1]
[sigmoid: 1]
[boost_from_average: 1]
[reg_sqrt: 0]
[alpha: 0.9]
[fair_c: 1]
[poisson_max_delta_step: 0.7]
[tweedie_variance_power: 1.5]
[lambdarank_truncation_level: 30]
[lambdarank_norm: 1]
[label_gain: ]
[lambdarank_position_bias_regularization: 0]
[eval_at: ]
[multi_error_top_k: 1]
[auc_mu_weights: ]
[num_machines: 1]
[local_listen_port: 12400]
[time_out: 120]
[machine_list_filename: ]
[machines: ]
[gpu_platform_id: -1]
[gpu_device_id: -1]
[gpu_device_id_list: ]
[gpu_use_dp: 0]
[num_gpu: 1]

end of parameters

pandas_categorical:null
