tree
version=v4
num_class=1
num_tree_per_iteration=1
label_index=0
max_feature_idx=40
objective=regression
feature_names=Column_0 Column_1 Column_2 Column_3 Column_4 Column_5 Column_6 Column_7 Column_8 Column_9 Column_10 Column_11 Column_12 Column_13 Column_14 Column_15 Column_16 Column_17 Column_18 Column_19 Column_20 Column_21 Column_22 Column_23 Column_24 Column_25 Column_26 Column_27 Column_28 Column_29 Column_30 Column_31 Column_32 Column_33 Column_34 Column_35 Column_36 Column_37 Column_38 Column_39 Column_40
feature_infos=[0.024969999999999992:3.2000000000000002] [0.12012:0.65407999999999999] [0.58059000000000005:2.10806] [0.0070600000000000003:0.018499999999999999] [0.0016500000000000004:0.0083000000000000001] [0.013350000000000001:0.050299999999999997] none [0.0085800000000000043:0.17138999999999999] [0:0.60048000000000001] [0:0.19581000000000001] [0:0.050279999999999991] [0:0.0025600000000000002] [0.00076000000000000004:0.0035699999999999998] [0.0024399999999999999:0.0083000000000000001] [0.13935900000000001:3.6819156666666673] [0.069267999999999996:3.3696631666666668] [0.019020128400000003:6.2119999999999997] [0.16011:0.66847000000000001] [0.0014899999999999913:0.79629000000000005] [0:0.051189999999999999] [716.01038900000003:728.53581999999994] [578.94624945403416:887.67561891398418] [-884.62820499999998:506.49418699999995] [0:0.0276396] [720.89999999999998:875.79999999999995] [2.1417900000003556:137.40225520002201] [4.1385069476315399:292.72887396349279] [3.8839464865410882:586.55144230574024] [1053.5963477287455:107214.84243794132] [0:20.799352463556257] [0:1] [1:3] none [1.5508940000000848:149.28860099999986] [-161.7231228887623:260.15375054596586] [0.28821001446401695:471.11196000550206] none [0:471.11196000550206] [1.0554723151317358:74.838009449953418] none none
tree_sizes=680 887 879 966 661 888 982 881 681 884 1096 1094 892 956 884 1001 884 978 1097 1066 890 981 1073 893 978 1161 1009 976 1089 1009 991 1202 1182 1200 1197 1009 1069 1198 1103 1206 1107 1289 1195 1080 1218 1188 1200 1295 1311 1303

Tree=0
num_leaves=6
num_cat=0
split_feature=0 15 18 5 15
split_gain=562080 54649.2 25655.1 2275.43 1064.22
threshold=0.084080000000000016 0.098534750000000018 0.59565500000000016 0.031410000000000007 0.15100358333333333
decision_type=2 2 2 2 2
left_child=1 -1 3 -2 -3
right_child=2 4 -4 -5 -6
leaf_value=388.96714280715457 393.00920984707648 390.70195032304531 394.59779475245949 393.5885057467691 391.50206828608987
leaf_weight=31 15.000000000000002 22.000000000000004 29 11.999999999999998 7.9999999999999991
leaf_count=31 15 22 29 12 8
internal_value=391.83 389.859 393.989 393.29 390.87
internal_weight=117 61 56 27 30
internal_count=117 61 56 27 30
is_linear=0
shrinkage=1


Tree=1
num_leaves=8
num_cat=0
split_feature=1 0 15 18 14 24 4
split_gain=1.88733e+06 485843 54589.2 15649.4 1867.21 988.359 1096.25
threshold=0.55441000000000018 0.084080000000000016 0.098534750000000018 0.59565500000000016 0.31461583333333337 815.40000000000009 0.0037050000000000004
decision_type=2 2 2 2 2 2 2
left_child=1 2 -1 5 -4 -3 -7
right_child=-2 3 4 -5 -6 6 -8
leaf_value=-3.6525694613456725 13.303300791422524 0.97632423782348587 -1.9584637007279824 1.7513457935167396 -1.1341089826583861 0.2066113399739066 0.67809381904602051
leaf_weight=31 7.9999999999999991 8.0000000000000018 21.000000000000004 22 8.9999999999999982 8.0000000000000018 13.999999999999998
leaf_count=31 8 8 21 22 9 8 14
internal_value=0.0780367 -0.966735 -2.76311 1.15289 -1.75577 0.67164 0.523148
internal_weight=121 113 61 52 30 30 22
internal_count=121 113 61 52 30 30 22
is_linear=0
shrinkage=0.03


Tree=2
num_leaves=8
num_cat=0
split_feature=0 15 8 24 33 2 16
split_gain=478073 50650.2 20620.2 1542.83 937.846 311.291 199.046
threshold=0.084080000000000016 0.098534750000000018 0.37342500000000006 822.50000000000011 107.48545999999995 1.2675800000000004 0.23399179160000003
decision_type=2 2 2 2 2 2 2
left_child=1 -1 3 -2 -5 -3 -4
right_child=2 5 6 4 -6 -7 -8
leaf_value=-3.5207903926454738 0.86603541119893357 -1.8523533397473784 1.3152115281048944 0.085326386382182401 0.51762081432342522 -1.2358256461803729 1.8799031175312242
leaf_weight=28 8.0000000000000018 18.000000000000004 15.999999999999998 8.0000000000000018 10.999999999999998 11.999999999999998 18
leaf_count=28 8 18 16 8 11 12 18
internal_value=-0.670903 -2.59943 1.1751 0.527739 0.349044 -1.65361 1.65938
internal_weight=119 58 61 27 19 30 34
internal_count=119 58 61 27 19 30 34
is_linear=0
shrinkage=0.03


Tree=3
num_leaves=9
num_cat=0
split_feature=16 0 14 15 18 8 14 33
split_gain=1.77181e+06 448981 36452.7 17241.6 2545.55 1380.07 1115.44 46.531
threshold=0.25781765970000003 0.069270000000000012 0.19823300000000002 0.24789200000000003 0.44278000000000006 0.11522 0.58290066666666673 103.84856850000001
decision_type=2 2 2 2 2 2 2 2
left_child=1 2 -1 4 -3 -4 -5 -6
right_child=-2 3 5 6 7 -7 -8 -9
leaf_value=-3.4120507448257937 13.052666458129881 0.072901991584084225 -1.9439378089904784 1.1046757736206056 0.81059129778544092 -1.1138873011271158 1.7326017883300782 0.48191095177332549
leaf_weight=30 7.9999999999999991 10.000000000000002 17.000000000000004 12.999999999999998 7.9999999999999991 7.9999999999999991 19 7.9999999999999991
leaf_count=30 8 10 17 13 8 8 19 8
internal_value=0.239668 -0.773974 -2.69272 1.0603 0.460646 -1.73144 1.51876 0.684354
internal_weight=121 113 55 58 26 25 32 16
internal_count=121 113 55 58 26 25 32 16
is_linear=0
shrinkage=0.03


Tree=4
num_leaves=6
num_cat=0
split_feature=15 0 14 8 15
split_gain=1.7086e+06 420096 38978 14920 1558.44
threshold=0.29371150000000007 0.084080000000000016 0.19823300000000002 0.51919500000000018 0.23336541666666669
decision_type=2 2 2 2 2
left_child=1 2 -1 4 -3
right_child=-2 3 -4 -5 -6
leaf_value=-3.3789712600708004 12.708790172576904 0.16231467188000673 -1.6857122089597913 1.5353844803704155 0.66481716939022661
leaf_weight=31 7.9999999999999991 9.0000000000000018 26 26 18
leaf_count=31 8 9 26 26 18
internal_value=0.13823 -0.882237 -2.64901 1.03172 0.509149
internal_weight=118 110 57 53 27
internal_count=118 110 57 53 27
is_linear=0
shrinkage=0.03


Tree=5
num_leaves=8
num_cat=0
split_feature=34 0 15 9 38 14 9
split_gain=1.70202e+06 383549 45386.2 10184 1362.82 450.263 241.068
threshold=-4.4513294524876441 0.084080000000000016 0.098534750000000018 0.15773000000000001 1.9328033382480676 0.31461583333333337 0.078695000000000015
decision_type=2 2 2 2 2 2 2
left_child=1 2 -1 4 -3 -4 -6
right_child=-2 3 5 -5 6 -7 -8
leaf_value=-3.2767426730885223 12.576923266092935 0.19875938717524202 -1.7203772869110106 1.4452564283453899 0.44590130710601789 -1.0597765769958496 0.79653050463540209
leaf_weight=33 7.9999999999999991 8.0000000000000018 23.000000000000004 22 8.0000000000000018 7.9999999999999991 12.999999999999998
leaf_count=33 8 8 23 22 8 8 13
internal_value=0.00928859 -0.965854 -2.49599 0.965361 0.565212 -1.58839 0.689365
internal_weight=123 115 64 51 29 31 21
internal_count=123 115 64 51 29 31 21
is_linear=0
shrinkage=0.03


Tree=6
num_leaves=9
num_cat=0
split_feature=8 0 15 17 0 9 5 8
split_gain=1.66887e+06 344083 35465.5 10010.6 2514.48 1730.83 722.249 706.791
threshold=0.55734500000000009 0.069270000000000012 0.098534750000000018 0.45204500000000003 0.10333500000000001 0.15773000000000001 0.027310000000000004 0.11522
decision_type=2 2 2 2 2 2 2 2
left_child=1 2 -1 4 -3 -5 -7 -4
right_child=-2 3 7 5 -6 6 -8 -9
leaf_value=-3.1988531917448966 12.573405568440755 -0.15562810802459712 -1.7846394962983969 0.766921025276184 0.54266680297851555 1.5637058525085445 0.94511691379547114 -1.1104017661701548
leaf_weight=30 7.9999999999999991 8.0000000000000018 16.000000000000004 14.999999999999998 8.9999999999999982 11.000000000000002 10.999999999999998 9.9999999999999982
leaf_count=30 8 8 16 15 9 11 11 10
internal_value=0.149962 -0.858681 -2.48633 0.843739 0.223584 1.11525 1.30902 -1.5761
internal_weight=118 110 56 54 17 37 22 26
internal_count=118 110 56 54 17 37 22 26
is_linear=0
shrinkage=0.03


Tree=7
num_leaves=8
num_cat=0
split_feature=7 2 15 8 26 25 9
split_gain=1.62127e+06 299947 26827.7 8190.63 2256.44 1881.94 97.4292
threshold=0.15133000000000005 1.3808300000000002 0.098534750000000018 0.36488500000000007 7.6600510419573231 46.735967777781354 0.15773000000000001
decision_type=2 2 2 2 2 2 2
left_child=1 2 -1 4 -3 6 -5
right_child=-2 3 -4 5 -6 -7 -8
leaf_value=-3.065200080082334 12.508437656402586 -0.10953601523240404 -1.5162784236561169 0.85409230384826618 0.49575737750530241 0.59590692225369535 1.349393553161621
leaf_weight=28 7.9999999999999991 8.0000000000000018 21 9.0000000000000018 14.999999999999998 9.9999999999999982 13.999999999999998
leaf_count=28 8 8 21 9 15 10 14
internal_value=0.286067 -0.754366 -2.44501 0.741861 0.289366 1.03941 1.19931
internal_weight=113 105 49 56 23 33 23
internal_count=113 105 49 56 23 33 23
is_linear=0
shrinkage=0.03


Tree=8
num_leaves=6
num_cat=0
split_feature=0 2 14 15 7
split_gain=334846 29103.8 9120.76 3492.45 662.231
threshold=0.069270000000000012 0.84946500000000014 0.58290066666666673 0.23336541666666669 0.10450500000000001
decision_type=2 2 2 2 2
left_child=1 -1 3 -2 -5
right_child=2 -3 -4 4 -6
leaf_value=-2.9962981135777063 -0.028409170324152164 -1.4321007540566582 1.2132827003860474 0.4353858486413954 0.80335406420781053
leaf_weight=34 9.9999999999999982 20 24 15.000000000000002 11.999999999999998
leaf_count=34 10 20 24 15 12
internal_value=-0.754429 -2.45356 0.765014 0.449928 0.621831
internal_weight=115 54 61 37 27
internal_count=115 54 61 37 27
is_linear=0
shrinkage=0.03


Tree=9
num_leaves=8
num_cat=0
split_feature=16 18 2 14 16 25 21
split_gain=1.55782e+06 281795 27309.7 8457.02 1828.09 600.412 214.001
threshold=0.25041880400000005 0.16965000000000002 0.84946500000000014 0.49323783333333343 0.23399179160000003 47.28303138888888 863.94761649259465
decision_type=2 2 2 2 2 2 2
left_child=1 2 -1 -3 5 6 -5
right_child=-2 3 -4 4 -6 -7 -8
leaf_value=-2.8771920017787385 12.086444610595702 0.043463862430304284 -1.4458852548980714 0.55393622932434039 1.259600999658758 0.40524340375264489 0.92826832539694637
leaf_weight=34 7.9999999999999991 14.999999999999998 24 9.0000000000000053 9.9999999999999982 7.9999999999999991 12.999999999999998
leaf_count=34 8 15 24 9 10 8 13
internal_value=0.0710409 -0.878154 -2.3195 0.65606 0.879083 0.715655 0.80594
internal_weight=121 113 58 55 40 30 22
internal_count=121 113 58 55 40 30 22
is_linear=0
shrinkage=0.03


Tree=10
num_leaves=10
num_cat=0
split_feature=7 9 15 20 19 9 27 14 10
split_gain=1.51318e+06 270384 28630.7 6814.98 2444.09 1174.53 830.185 644.592 176.602
threshold=0.15133000000000005 0.046770000000000006 0.098534750000000018 722.25561450000009 0.021230000000000002 0.15773000000000001 20.447453212506016 0.31461583333333337 0.021635000000000005
decision_type=2 2 2 2 2 2 2 2 2
left_child=1 2 -1 4 6 -5 -3 -4 -7
right_child=-2 3 7 5 -6 8 -8 -9 -10
leaf_value=-2.7948873703479764 12.049488357543945 0.6700765672830431 -1.5048199189838607 0.56882837994893365 -0.090113392512003565 1.2903651956830704 0.23585005982716878 -0.88432800753911323 0.81674832201004022
leaf_weight=31 7.9999999999999991 12.000000000000005 18.000000000000004 8.0000000000000018 7.9999999999999991 13.000000000000002 7.9999999999999991 7.9999999999999991 9.9999999999999982
leaf_count=31 8 12 18 8 8 13 8 8 10
internal_value=0.197211 -0.716175 -2.17224 0.703265 0.345608 1.00537 0.515959 -1.35378 1.12712
internal_weight=124 116 57 59 28 31 20 26 23
internal_count=124 116 57 59 28 31 20 26 23
is_linear=0
shrinkage=0.03


Tree=11
num_leaves=10
num_cat=0
split_feature=27 9 2 20 14 14 16 0 12
split_gain=1.52398e+06 245561 25476.8 5218.01 1684.84 1535.89 1082.27 560.431 308.285
threshold=27.600368555591881 0.046770000000000006 0.84946500000000014 722.25561450000009 0.49323783333333343 0.31461583333333337 0.23399179160000003 0.12558000000000002 0.0020700000000000002
decision_type=2 2 2 2 2 2 2 2 2
left_child=1 2 -1 4 -3 -4 -5 -8 -6
right_child=-2 3 5 6 8 -7 7 -9 -10
leaf_value=-2.7203163771629333 12.06003055636088 0.019527341755953696 -1.5350025998165731 0.61627152404418339 0.65499863370259603 -0.81679881556828815 1.3294900566101069 0.73609402084350573 0.31280636056264244
leaf_weight=31 7.9999999999999991 10.000000000000002 18.000000000000004 12.000000000000002 7.9999999999999991 7.9999999999999991 9.0000000000000018 7.9999999999999991 7.9999999999999991
leaf_count=31 8 10 18 12 8 8 9 8 8
internal_value=0.180452 -0.767292 -2.13051 0.658283 0.330668 -1.35251 0.931143 1.10674 0.512456
internal_weight=120 112 57 55 26 26 29 17 16
internal_count=120 112 57 55 26 26 29 17 16
is_linear=0
shrinkage=0.03


Tree=12
num_leaves=8
num_cat=0
split_feature=18 22 15 15 21 14 21
split_gain=1.50549e+06 245181 17522.8 5728.04 2263.21 1139.89 856.354
threshold=0.72595500000000013 468.91088550000006 0.098534750000000018 0.23336541666666669 863.94761649259465 0.58290066666666673 862.86483802030193
decision_type=2 2 2 2 2 2 2
left_child=1 3 -3 -1 6 -6 -5
right_child=-2 2 -4 4 5 -7 -8
leaf_value=0.00025563983406339371 11.943051616986592 -2.6567513998849046 -1.4214397550062701 0.64819256029128991 0.62326451095512914 1.1430226590816792 0.22940599846839904
leaf_weight=12.999999999999998 7.9999999999999991 34 21 9.0000000000000018 13.000000000000002 11.999999999999998 10.999999999999998
leaf_count=13 8 34 21 9 13 12 11
internal_value=0.131618 -0.802005 -2.21892 0.55643 0.713572 0.907173 0.439824
internal_weight=121 113 55 58 45 25 20
internal_count=121 113 55 58 45 25 20
is_linear=0
shrinkage=0.03


Tree=13
num_leaves=9
num_cat=0
split_feature=22 2 0 29 18 27 22 15
split_gain=233045 15199 7516.14 2108.45 1124.7 660.191 394.311 23.0559
threshold=468.91088550000006 0.84946500000000014 0.099065000000000014 15.575005434838424 0.72595500000000013 20.447453212506016 421.86966150000006 0.24082916666666668
decision_type=2 2 2 2 2 2 2 2
left_child=2 -2 -1 4 6 -5 -4 -8
right_child=1 -3 3 5 -6 -7 7 -9
leaf_value=-0.30225157682100928 -2.5418092523390245 -1.4045823866271971 0.98314740133285528 0.4939373347488315 0.36509941959381098 0.11635509634017945 0.74595733213424653 0.45708963457743318
leaf_weight=7.9999999999999991 30 24 17 10.000000000000002 7.9999999999999991 7.9999999999999991 11.000000000000002 7.9999999999999991
leaf_count=8 30 24 17 10 8 8 11 8
internal_value=-0.608772 -2.07113 0.532593 0.643426 0.756719 0.341158 0.831485 0.65334
internal_weight=124 54 70 62 44 18 36 19
internal_count=124 54 70 62 44 18 36 19
is_linear=0
shrinkage=0.03


Tree=14
num_leaves=8
num_cat=0
split_feature=14 0 15 7 12 8 25
split_gain=1.48727e+06 200112 26359.9 4897.3 1864.86 1085.11 849.695
threshold=0.61941583333333339 0.084080000000000016 0.098534750000000018 0.12931000000000001 0.0026200000000000004 0.11522 46.735967777781354
decision_type=2 2 2 2 2 2 2
left_child=1 2 -1 4 6 -4 -3
right_child=-2 3 5 -5 -6 -7 -8
leaf_value=-2.5044519449869789 11.825145736376443 0.87853674882650379 -1.3762089231491086 -0.016281401588366582 0.22001584593454995 -0.79528811463442717 0.47019323992729184
leaf_weight=35 7.9999999999999991 23 19.000000000000004 11.999999999999998 7.9999999999999991 9.9999999999999982 10.999999999999998
leaf_count=35 8 23 19 12 8 10 11
internal_value=0.0668337 -0.822999 -1.94516 0.518131 0.667682 -1.20913 0.763677
internal_weight=126 118 64 54 42 29 34
internal_count=126 118 64 54 42 29 34
is_linear=0
shrinkage=0.03


Tree=15
num_leaves=9
num_cat=0
split_feature=27 9 14 14 35 25 3 13
split_gain=1.41282e+06 170755 16983.7 2566.43 1892.54 1168.39 873.402 191.39
threshold=26.925040793747744 0.046770000000000006 0.28085016666666668 0.49323783333333343 18.537959098288585 46.735967777781354 0.014745000000000003 0.0046500000000000005
decision_type=2 2 2 2 2 2 2 2
left_child=1 2 -1 -3 5 -5 -6 -4
right_child=-2 3 7 4 6 -7 -8 -9
leaf_value=-2.2446187616984048 11.683296835263569 0.10751850414276123 -1.2977505722045892 1.0939538414695043 0.24637329330444327 0.49592309379577632 0.63595722510597918 -0.81343843449079067
leaf_weight=35 7.9999999999999991 10.999999999999998 8.0000000000000018 10.000000000000002 14.000000000000002 7.9999999999999991 9.9999999999999982 11.999999999999998
leaf_count=35 8 11 8 10 14 8 10 12
internal_value=0.261283 -0.684203 -1.84042 0.527484 0.632382 0.868332 0.427705 -1.05981
internal_weight=116 108 55 53 42 18 24 20
internal_count=116 108 55 53 42 18 24 20
is_linear=0
shrinkage=0.03


Tree=16
num_leaves=8
num_cat=0
split_feature=21 0 2 7 35 37 28
split_gain=1.42292e+06 178049 18193.1 2152.95 1013.03 1119.17 1050.82
threshold=862.1645597157484 0.084080000000000016 0.84946500000000014 0.13542500000000005 18.537959098288585 21.030466146418743 3687.8920506742661
decision_type=2 2 2 2 2 2 2
left_child=-1 2 -2 4 6 -6 -3
right_child=1 3 -4 -5 5 -7 -8
leaf_value=11.605409649848937 -2.3502461007254465 0.45172295860810696 -1.2206042894635882 0.11634379222393036 0.11474221143722531 0.54893838322162625 0.99439454142252603
leaf_weight=7.9999999999999991 34 10.000000000000002 27 13.999999999999998 9.0000000000000018 14.999999999999998 7.9999999999999991
leaf_count=8 34 10 27 14 9 15 8
internal_value=0.10803 -0.769792 -1.87802 0.449125 0.554731 0.397277 0.732632
internal_weight=125 117 61 56 42 24 18
internal_count=125 117 61 56 42 24 18
is_linear=0
shrinkage=0.03


Tree=17
num_leaves=9
num_cat=0
split_feature=17 22 2 0 3 38 26 5
split_gain=1.39941e+06 146954 16966.8 5800.17 2448.69 996.973 602.436 46.3085
threshold=0.5874100000000001 468.91088550000006 0.84946500000000014 0.099065000000000014 0.015185000000000002 2.1803351701916882 9.9164852050983594 0.027830000000000004
decision_type=2 2 2 2 2 2 2 2
left_child=1 3 -3 -1 5 -5 -7 -6
right_child=-2 2 -4 4 7 6 -8 -9
leaf_value=-0.38946546850204466 11.47667668644587 -2.3266443176269531 -1.2058954039679632 0.055199750907719121 0.82493656222025513 0.56904320939381914 0.17723770642280579 0.5013211418151855
leaf_weight=8.9999999999999982 7.9999999999999991 32 26 15.000000000000002 8.0000000000000018 7.9999999999999991 7.9999999999999991 8.9999999999999982
leaf_count=9 8 32 26 15 8 8 8 9
internal_value=0.0814303 -0.803373 -1.85322 0.2784 0.409048 0.237585 0.395178 0.691063
internal_weight=123 115 58 57 48 31 16 17
internal_count=123 115 58 57 48 31 16 17
is_linear=0
shrinkage=0.03


Tree=18
num_leaves=10
num_cat=0
split_feature=28 22 14 10 29 10 38 5 14
split_gain=1.32913e+06 147149 14980.1 5967.99 2846.39 2466.17 757.27 640.319 230.99
threshold=5592.3290355338031 468.91088550000006 0.19418566666666667 0.027955000000000004 15.575005434838424 0.014685000000000002 2.2745723471800128 0.029495000000000004 0.28512433333333337
decision_type=2 2 2 2 2 2 2 2 2
left_child=1 3 -3 4 5 -1 -6 -7 -4
right_child=-2 2 8 -5 6 7 -8 -9 -10
leaf_value=0.26021967878937718 11.270746913989383 -2.2623486129760737 -1.4269112672072188 -0.34529361885244192 -0.059405091925100822 0.94808895668616633 0.30480737314224243 0.4936076365470885 -0.95962246143116681
leaf_weight=14.999999999999998 7.9999999999999991 29 12.000000000000002 9.9999999999999982 10.000000000000002 12.000000000000002 8.9999999999999982 8.9999999999999982 15.999999999999998
leaf_count=15 8 29 12 10 10 12 9 9 16
internal_value=0.14292 -0.672461 -1.77133 0.303373 0.425399 0.579128 0.119656 0.78467 -1.20224
internal_weight=130 122 57 65 55 36 19 21 28
internal_count=130 122 57 65 55 36 19 21 28
is_linear=0
shrinkage=0.03


Tree=19
num_leaves=10
num_cat=0
split_feature=34 0 2 3 11 26 28 8 3
split_gain=1.28952e+06 120669 14514.8 1636.77 1908.42 787.956 590.11 550.943 141.48
threshold=-4.4513294524876441 0.069270000000000012 0.84946500000000014 0.015185000000000002 0.00175 7.6600510419573231 4304.7992280868239 0.11522 0.013580000000000002
decision_type=2 2 2 2 2 2 2 2 2
left_child=1 2 -1 4 5 -3 -5 -4 -7
right_child=-2 3 7 6 -6 8 -8 -9 -10
leaf_value=-2.2411365682983395 11.239676994323728 0.086922428047656972 -1.2611566036769319 0.7174990802764889 -0.15092494518106633 0.55374757353464754 0.34816967408997668 -0.73258997926712033 0.28855516815185545
leaf_weight=24 7.9999999999999991 9.0000000000000018 13.000000000000002 9.0000000000000018 9.9999999999999982 7.9999999999999991 12.999999999999998 8.9999999999999982 7.9999999999999991
leaf_count=24 8 9 13 9 10 8 13 9 8
internal_value=0.3481 -0.597773 -1.72369 0.32489 0.188647 0.325113 0.523951 -1.08624 0.446013
internal_weight=111 103 46 57 35 25 22 22 16
internal_count=111 103 46 57 35 25 22 22 16
is_linear=0
shrinkage=0.03


Tree=20
num_leaves=8
num_cat=0
split_feature=8 22 15 10 35 29 7
split_gain=1.32459e+06 116657 12959.1 5320.75 2573.76 2918.48 863.004
threshold=0.5537200000000001 468.91088550000006 0.098534750000000018 0.027955000000000004 18.537959098288585 15.575005434838424 0.11500500000000001
decision_type=2 2 2 2 2 2 2
left_child=1 3 -3 4 5 -1 -6
right_child=-2 2 -4 -5 6 -7 -8
leaf_value=0.84889918365478489 11.229035909016927 -2.0798132421320132 -1.0844412948901836 -0.36463659121773456 0.32592205458420959 0.12166898234685264 -0.01832405718735286
leaf_weight=14.000000000000002 7.9999999999999991 32 25 9.9999999999999982 12.000000000000002 7.9999999999999991 12.999999999999998
leaf_count=14 8 32 25 10 12 8 13
internal_value=0.146573 -0.722012 -1.6695 0.237896 0.371051 0.601305 0.153037
internal_weight=122 114 57 57 47 22 25
internal_count=122 114 57 57 47 22 25
is_linear=0
shrinkage=0.03


Tree=21
num_leaves=9
num_cat=0
split_feature=26 0 15 8 29 28 9 38
split_gain=1.28833e+06 104605 12621.2 2428.29 2237.5 1729.74 1130.52 650.798
threshold=11.294627476325891 0.084080000000000016 0.098534750000000018 0.5537200000000001 15.575005434838424 4876.0970152152504 0.11204000000000001 2.2745723471800128
decision_type=2 2 2 2 2 2 2 2
left_child=1 2 -1 4 5 6 -3 -6
right_child=-2 3 -4 -5 7 -7 -8 -9
leaf_value=-2.0204372989285373 11.118082136750219 0.37383840727806067 -1.0300902080902687 -0.19276563320159915 -0.14463619295756022 0.13669923747669568 0.88080716714858998 0.21652625783284504
leaf_weight=30 7.9999999999999991 11.000000000000005 25 8.9999999999999982 7.9999999999999991 9.9999999999999982 8.9999999999999982 7.9999999999999991
leaf_count=30 8 11 25 9 8 10 9 8
internal_value=0.203059 -0.683759 -1.59674 0.241405 0.328677 0.477446 0.633125 0.0379712
internal_weight=118 110 55 55 46 30 20 16
internal_count=118 110 55 55 46 30 20 16
is_linear=0
shrinkage=0.03


Tree=22
num_leaves=10
num_cat=0
split_feature=22 2 21 38 35 17 37 12 24
split_gain=101592 12862.1 3437.03 2322.41 1401.76 1798.76 865.07 434.982 328.854
threshold=468.91088550000006 0.84946500000000014 866.69894887670387 2.2261793006805171 18.537959098288585 0.45204500000000003 20.59315027204018 0.0018950000000000002 756.20000000000016
decision_type=2 2 2 2 2 2 2 2 2
left_child=2 8 4 -4 5 -1 -6 -8 -2
right_child=1 -3 3 -5 6 -7 7 -9 -10
leaf_value=0.12810068179802458 -1.3840232060750326 -1.0513475024149967 -0.47738601746925924 0.12087881183624268 -0.13980762634277341 0.71331249103546135 0.045965174674987785 0.35690898482004801 -2.1937463827514647
leaf_weight=10.000000000000002 7.9999999999999991 25 12.000000000000002 9.9999999999999982 9.0000000000000018 8.9999999999999982 7.9999999999999991 7.9999999999999991 24
leaf_count=10 8 25 12 10 9 9 8 8 24
internal_value=-0.715643 -1.63169 0.08801 -0.21195 0.239401 0.427187 0.0856843 0.213375 -2.03944
internal_weight=123 57 66 22 44 19 25 16 32
internal_count=123 57 66 22 44 19 25 16 32
is_linear=0
shrinkage=0.03


Tree=23
num_leaves=8
num_cat=0
split_feature=22 15 3 11 11 28 35
split_gain=96084.3 11127.3 2030.96 3018.37 3022.7 975.316 676.494
threshold=468.91088550000006 0.098534750000000018 0.014745000000000003 0.0016950000000000001 0.0012650000000000003 4304.7992280868239 17.733166094434736
decision_type=2 2 2 2 2 2 2
left_child=2 -2 3 4 -1 -4 -6
right_child=1 -3 5 -5 6 -7 -8
leaf_value=-0.16549486497732305 -1.9122794346528893 -0.99655013069739717 0.62796156628926569 -0.37861853170394894 0.21051014804840087 0.20298075332641602 0.63159210904439289
leaf_weight=12.000000000000002 33 25 8.0000000000000018 10.999999999999998 7.9999999999999991 13.999999999999998 7.9999999999999991
leaf_count=12 33 25 8 11 8 14 8
internal_value=-0.677882 -1.54117 0.154547 0.0220641 0.187155 0.378168 0.445907
internal_weight=119 58 61 39 28 22 16
internal_count=119 58 61 39 28 22 16
is_linear=0
shrinkage=0.03


Tree=24
num_leaves=9
num_cat=0
split_feature=22 2 26 14 21 10 0 4
split_gain=98448.6 9032 2894.79 1942.88 1734.43 1884.01 853.859 529.535
threshold=468.91088550000006 0.84946500000000014 8.1153550622690585 0.49865866666666675 865.56769316710768 0.023345000000000001 0.12377000000000002 0.0041000000000000003
decision_type=2 2 2 2 2 2 2 2
left_child=2 -2 3 -1 6 -6 7 -4
right_child=1 -3 4 -5 5 -7 -8 -9
leaf_value=0.11302268071969346 -1.9220226714394306 -1.0115452435357231 0.45573578438758811 0.75722084126472466 0.078460009354811441 -0.47356326255798337 -0.057935215473175039 0.10964254442850749
leaf_weight=8.0000000000000018 32 20 9.0000000000000053 8.9999999999999982 12.000000000000002 8.9999999999999982 7.9999999999999991 7.9999999999999991
leaf_count=8 32 20 9 9 12 9 8 8
internal_value=-0.644567 -1.59756 0.154679 0.477273 0.02781 -0.168825 0.193182 0.308091
internal_weight=115 52 63 17 46 21 25 17
internal_count=115 52 63 17 46 21 25 17
is_linear=0
shrinkage=0.03


Tree=25
num_leaves=11
num_cat=0
split_feature=5 2 2 1 17 27 27 34 34 25
split_gain=1.28584e+06 84560.4 9589.49 3287.42 2148.76 1172.25 850.781 712.518 427.56 386.492
threshold=0.016740000000000005 1.3808300000000002 0.84946500000000014 0.54818 0.44463500000000006 21.420223268739676 24.663869825973929 -122.41664965017121 -15.225253461469093 43.664427938596511
decision_type=2 2 2 2 2 2 2 2 2 2
left_child=-1 2 7 4 -3 9 -7 -2 -5 -6
right_child=1 3 -4 8 5 6 -8 -9 -10 -11
leaf_value=11.09606129670143 -1.2656135021209716 -0.16660000816583634 -0.97603676342010504 -0.087426308727264368 0.67601601187388094 -0.028138298424807449 0.35147288287769662 -2.0151094808578489 -0.39305029137929276 0.30897741182645161
leaf_weight=7.9999999999999991 8.9999999999999982 8.9999999999999982 24 9.0000000000000018 7.9999999999999991 10.000000000000002 9.9999999999999982 23 7.9999999999999991 7.9999999999999991
leaf_count=8 9 9 24 9 8 10 10 23 8 8
internal_value=0.163644 -0.66454 -1.49864 0.100649 0.233818 0.33576 0.169294 -1.8491 -0.245179 0.521555
internal_weight=126 118 56 62 45 36 20 32 17 16
internal_count=126 118 56 62 45 36 20 32 17 16
is_linear=0
shrinkage=0.03


Tree=26
num_leaves=9
num_cat=0
split_feature=5 14 23 9 33 7 10 12
split_gain=1.21436e+06 86695.7 4999.93 3643.32 1794.97 1186.07 1807.76 1066.68
threshold=0.016740000000000005 0.3061113333333334 0.013449500000000001 0.020610000000000007 132.23835800000003 0.096470000000000014 0.020065000000000003 0.0021800000000000005
decision_type=2 2 2 2 2 2 2 2
left_child=-1 3 4 -2 5 -3 7 -7
right_child=1 2 -4 -5 -6 6 -8 -9
leaf_value=10.800165897647538 -1.8122161528847434 -0.011315140455961227 -0.54373799983263005 -1.0937097038100747 -0.1869563632965088 0.31500406947135912 0.61234219183240612 -0.10358099206288655
leaf_weight=7.9999999999999991 32 10.999999999999998 8.9999999999999982 15.999999999999998 8.9999999999999982 14.000000000000002 12.999999999999998 7.9999999999999991
leaf_count=8 32 11 9 16 9 14 13 8
internal_value=0.196051 -0.650246 0.0756677 -1.59995 0.184951 0.260177 0.34349 0.164841
internal_weight=120 112 64 48 55 46 35 22
internal_count=120 112 64 48 55 46 35 22
is_linear=0
shrinkage=0.03


Tree=27
num_leaves=9
num_cat=0
split_feature=21 22 15 9 11 3 12 34
split_gain=1.24331e+06 65044 7942.83 4542.11 1698.47 1986.2 492.498 183.578
threshold=862.1645597157484 468.91088550000006 0.098534750000000018 0.069910000000000014 0.0016950000000000001 0.015395000000000001 0.0026200000000000004 -23.724757222473325
decision_type=2 2 2 2 2 2 2 2
left_child=-1 3 -3 -2 6 -6 7 -5
right_child=1 2 -4 4 5 -7 -8 -9
leaf_value=10.939403277476627 -0.52830784714634693 -1.7286868943245179 -0.9099235900267959 0.45076895537743189 -0.26676907196044913 0.27940793094635008 0.092336539363861075 0.21420772059758492
leaf_weight=7.9999999999999991 9.9999999999999982 30 23 12 14.000000000000002 8.9999999999999982 8.9999999999999982 8.0000000000000036
leaf_count=8 10 30 23 12 14 9 9 8
internal_value=0.199351 -0.635634 -1.39683 0.0268871 0.141637 -0.0502482 0.290474 0.370922
internal_weight=123 115 53 62 52 23 29 20
internal_count=123 115 53 62 52 23 29 20
is_linear=0
shrinkage=0.03


Tree=28
num_leaves=10
num_cat=0
split_feature=14 18 34 9 35 20 1 12 7
split_gain=1.21978e+06 72110.6 6962.03 4410.51 2865.21 2440.64 1043.13 596.92 127.445
threshold=0.61941583333333339 0.16047000000000003 -79.839463868849222 0.069910000000000014 19.163008058092711 720.25952600000016 0.54818 0.0020700000000000002 0.10450500000000001
decision_type=2 2 2 2 2 2 2 2 2
left_child=1 2 -1 -3 5 -5 7 -6 -7
right_child=-2 3 -4 4 6 8 -8 -9 -10
leaf_value=-1.7448900131426359 10.782032328287759 -0.53564664053916933 -0.83016541871002736 -0.097215189774831096 -0.12385148032506296 0.36111846545934667 -0.30691946587195756 0.22244476064046226 0.642149279753367
leaf_weight=37 7.9999999999999991 10.999999999999998 12.999999999999998 8.0000000000000018 8.0000000000000053 9.0000000000000018 11.999999999999998 7.9999999999999991 7.9999999999999991
leaf_count=37 8 11 13 8 8 9 12 8 8
internal_value=0.14708 -0.686486 -1.52803 -0.015612 0.100213 0.327523 -0.106987 0.0521082 0.521779
internal_weight=122 114 50 64 53 25 28 16 17
internal_count=122 114 50 64 53 25 28 16 17
is_linear=0
shrinkage=0.03


Tree=29
num_leaves=9
num_cat=0
split_feature=0 9 15 11 20 3 28 34
split_gain=1.17165e+06 54386.8 9655.84 2405.67 1375.97 1085.84 1071.13 535.008
threshold=0.13013500000000003 0.069910000000000014 0.098534750000000018 0.0016650000000000002 720.25952600000016 0.014745000000000003 4606.8223173768938 -62.910355130903433
decision_type=2 2 2 2 2 2 2 2
left_child=1 2 -1 4 -3 -5 -6 -4
right_child=-2 3 7 5 6 -7 -8 -9
leaf_value=-1.6400683319091796 10.630189587910969 -0.022917534002890951 -0.91959247548239564 -0.36289589452743515 0.54990149963819046 0.079865105191866556 0.10889954838752747 -0.51193952701091761
leaf_weight=29 7.9999999999999991 11.999999999999998 20.000000000000004 11.000000000000002 12.000000000000002 7.9999999999999991 8.9999999999999982 8.9999999999999982
leaf_count=29 8 12 20 11 12 8 9 9
internal_value=0.221342 -0.6246 -1.24807 0.0812042 0.233523 -0.181723 0.37451 -0.814411
internal_weight=118 110 58 52 33 19 21 29
internal_count=118 110 58 52 33 19 21 29
is_linear=0
shrinkage=0.03


Tree=30
num_leaves=9
num_cat=0
split_feature=1 14 9 0 14 0 25 0
split_gain=1.17896e+06 56720.1 8365.88 3238.89 1855.22 1616.3 1097.29 977.828
threshold=0.55441000000000018 0.28512433333333337 0.069910000000000014 0.12484500000000001 0.19418566666666667 0.12072500000000001 53.342764766081864 0.10731
decision_type=2 2 2 2 2 2 2 2
left_child=1 4 6 5 -1 7 -3 -4
right_child=-2 2 3 -5 -6 -7 -8 -9
leaf_value=-1.6842742135935818 10.650476152737934 -0.81423566389083823 0.27657861604690542 -0.35580527108365834 -1.041449083328247 0.53735052997957566 -0.30004242086410521 -0.062549857109785084
leaf_weight=28 7.9999999999999991 11.000000000000002 14.000000000000002 9.9999999999999982 12.999999999999998 9.9999999999999982 7.9999999999999991 14.999999999999998
leaf_count=28 8 11 14 10 13 10 8 15
internal_value=0.212693 -0.643228 -0.1062 0.102868 -1.51014 0.226468 -0.623635 0.104879
internal_weight=117 109 68 49 41 39 19 29
internal_count=117 109 68 49 41 39 19 29
is_linear=0
shrinkage=0.03


Tree=31
num_leaves=11
num_cat=0
split_feature=18 2 9 3 19 11 24 25 19 25
split_gain=1.14979e+06 47981.4 6180.99 3742.43 1953.65 4176.42 1406.44 868.175 351.218 191.976
threshold=0.72595500000000013 1.2675800000000004 0.020610000000000007 0.015185000000000002 0.027110000000000002 0.0016650000000000002 830.10000000000014 48.325260263157901 0.012740000000000003 54.582687807017543
decision_type=2 2 2 2 2 2 2 2 2 2
left_child=1 2 -1 4 5 6 -3 -6 -5 -4
right_child=-2 3 9 8 7 -7 -8 -9 -10 -11
leaf_value=-1.646035085269383 10.544646237010756 -0.061698819494247395 -1.025608931223551 0.14265767319997152 -0.19184850438435866 -0.49832673001289363 0.43784868855909864 -0.6464444623947142 0.44379096819957092 -0.61219544506072998
leaf_weight=27 7.9999999999999991 9.0000000000000053 8.0000000000000018 7.9999999999999991 8.0000000000000018 10.999999999999998 9.9999999999999982 8.9999999999999982 7.9999999999999991 9.9999999999999982
leaf_count=27 8 9 8 8 8 11 10 9 8 10
internal_value=0.240586 -0.612401 -1.34906 -0.0733378 -0.207805 -0.0574379 0.209892 -0.455143 0.310561 -0.840323
internal_weight=116 108 45 63 47 30 19 17 16 18
internal_count=116 108 45 63 47 30 19 17 16 18
is_linear=0
shrinkage=0.03


Tree=32
num_leaves=11
num_cat=0
split_feature=21 14 3 8 33 38 2 5 1 28
split_gain=1.12828e+06 38192.4 6477.67 2041.95 1591.46 1460.69 1449.55 1184.12 1100.26 477.714
threshold=862.86483802030193 0.28512433333333337 0.015185000000000002 0.5270800000000001 97.486501500000102 2.2261793006805171 0.82018000000000002 0.026460000000000004 0.54818 1582.9610437091937
decision_type=2 2 2 2 2 2 2 2 2 2
left_child=-1 6 4 -4 5 -3 9 -6 -9 -2
right_child=1 2 3 -5 7 -7 -8 8 -10 -11
leaf_value=10.363345796902975 -1.1080362716674799 -0.81274272384643531 0.41894203074161807 -0.15580407414436342 -0.55394365215301489 -0.26292564296722415 -0.99839421926225935 0.08630344524166797 -0.36408773803710937 -1.77870529683431
leaf_weight=7.9999999999999991 9.0000000000000018 14.000000000000002 12.000000000000002 8.9999999999999982 8.0000000000000018 7.9999999999999991 12.999999999999998 10.000000000000002 7.9999999999999991 17
leaf_count=8 9 14 12 9 8 8 13 10 8 17
internal_value=0.155593 -0.688663 -0.256932 0.176668 -0.446396 -0.632999 -1.42694 -0.27085 -0.122419 -1.59624
internal_weight=116 108 69 21 48 22 39 26 18 26
internal_count=116 108 69 21 48 22 39 26 18 26
is_linear=0
shrinkage=0.03


Tree=33
num_leaves=11
num_cat=0
split_feature=34 18 34 8 18 34 38 7 27 29
split_gain=1.11478e+06 35534.8 5280.65 3631.73 2317.41 2153.86 2145.14 924.444 843.316 245.178
threshold=-4.4513294524876441 0.16965000000000002 -84.684139733390836 0.54572500000000013 0.36578000000000005 -122.41664965017121 2.8865117388329917 0.096470000000000014 22.608914203702913 17.243252960934282
decision_type=2 2 2 2 2 2 2 2 2 2
left_child=1 2 5 4 -3 -1 7 -6 -9 -4
right_child=-2 3 9 -5 6 -7 -8 8 -10 -11
leaf_value=-0.88021411857604981 10.307109736442566 -0.35691356471410163 -0.89601380101372186 -0.64378132191896431 -0.011671140736341472 -1.6324945940971374 -0.29664850775400797 0.52791104341636985 0.10617767119407653 -0.51979104423522937
leaf_weight=8.9999999999999982 7.9999999999999991 11.999999999999998 16.000000000000004 8.9999999999999982 9.0000000000000018 23 7.9999999999999991 10.000000000000002 7.9999999999999991 7.9999999999999991
leaf_count=9 8 12 16 9 9 23 8 10 8 8
internal_value=0.146785 -0.66373 -1.19117 -0.124616 -0.0138292 -1.45405 0.110405 0.237354 0.356006 -0.796474
internal_weight=120 112 56 56 47 32 35 27 18 24
internal_count=120 112 56 56 47 32 35 27 18 24
is_linear=0
shrinkage=0.03


Tree=34
num_leaves=11
num_cat=0
split_feature=27 15 35 19 9 34 0 38 25 8
split_gain=1.07529e+06 27794 4428.67 4810.65 2279.2 1664.68 2084.84 845.11 169 47.5702
threshold=27.600368555591881 0.1495829166666667 19.163008058092711 0.025890000000000003 0.020610000000000007 -33.486248340889851 0.10731 2.2745723471800128 66.990998175444119 0.075260000000000007
decision_type=2 2 2 2 2 2 2 2 2 2
left_child=1 4 3 5 8 6 -3 -4 -1 -6
right_child=-2 2 7 -5 9 -7 -8 -9 -10 -11
leaf_value=-1.5557986739309206 10.114216142336527 0.32126782590150821 -0.74132436704635596 -0.52359063137494599 -0.97612569580078079 0.46249209412661446 -0.30812554987370966 -0.33665694280771102 -1.0429128262446474 -0.58926951288183527
leaf_weight=18.000000000000004 7.9999999999999991 8.0000000000000018 12.000000000000002 11.999999999999998 9.0000000000000018 10.000000000000002 8.9999999999999982 11.999999999999998 11.999999999999998 7.9999999999999991
leaf_count=18 8 8 12 12 9 10 9 12 12 8
internal_value=0.142129 -0.667686 -0.248818 -0.0476903 -1.21223 0.174913 -0.0104636 -0.56061 -1.39095 -0.83701
internal_weight=118 110 63 39 47 27 17 24 30 17
internal_count=118 110 63 39 47 27 17 24 30 17
is_linear=0
shrinkage=0.03


Tree=35
num_leaves=9
num_cat=0
split_feature=27 2 8 18 35 25 38 9
split_gain=1.11074e+06 25473.2 2455.88 4645.41 3531.54 1535.41 905.183 354.078
threshold=26.925040793747744 1.1490100000000003 0.5537200000000001 0.36578000000000005 19.583206863560473 42.737741779448662 2.1803351701916882 0.020610000000000007
decision_type=2 2 2 2 2 2 2 2
left_child=1 7 3 6 5 -5 -3 -1
right_child=-2 2 -4 4 -6 -7 -8 -9
leaf_value=-1.3938593123980931 10.321946095466613 -0.66889697473189391 -0.73583582496643063 0.51817991659641249 -0.34247659733891483 0.0040444141924381258 -0.28634386157072506 -0.85703115208943681
leaf_weight=27 7.9999999999999991 16.000000000000004 9.9999999999999982 9.0000000000000018 14.999999999999998 10.999999999999998 11.999999999999998 7.9999999999999991
leaf_count=27 8 16 10 9 15 11 12 8
internal_value=0.194128 -0.643881 -0.316739 -0.239735 -0.00684148 0.249135 -0.520525 -1.29841
internal_weight=116 108 73 63 35 20 28 35
internal_count=116 108 73 63 35 20 28 35
is_linear=0
shrinkage=0.03


Tree=36
num_leaves=10
num_cat=0
split_feature=21 14 1 10 2 35 1 7 24
split_gain=1.05746e+06 21035.5 5458.03 5198.29 1939.45 1895.04 953.085 370.29 264.648
threshold=862.1645597157484 0.3061113333333334 0.54818 0.023630000000000002 0.82018000000000002 18.537959098288585 0.41754000000000008 0.090035000000000018 850.70000000000016
decision_type=2 2 2 2 2 2 2 2 2
left_child=-1 4 3 5 -2 6 -3 -5 -4
right_child=1 2 8 7 -6 -7 -8 -9 -10
leaf_value=10.078659736951192 -1.3510821274467137 0.10006073732177408 -0.4772050197323161 -0.27866069254875175 -0.83588476076993079 -0.11248950853347779 0.56582304342587786 -0.59572313117980946 -0.87110379753112788
leaf_weight=7.9999999999999991 22 8.0000000000000053 8.0000000000000018 9.0000000000000018 21 13.999999999999998 7.9999999999999991 10.999999999999998 8.9999999999999982
leaf_count=8 22 8 8 9 21 14 8 11 9
internal_value=0.18992 -0.613567 -0.274096 -0.110386 -1.12422 0.138891 0.352615 -0.47318 -0.722632
internal_weight=118 110 67 50 43 30 16 20 17
internal_count=118 110 67 50 43 30 16 20 17
is_linear=0
shrinkage=0.03


Tree=37
num_leaves=11
num_cat=0
split_feature=8 14 10 35 20 9 38 29 4 38
split_gain=1.04045e+06 29397.4 5079.66 3030 3366.05 1570.92 1524.56 872.676 667.12 443.211
threshold=0.55734500000000009 0.28085016666666668 0.023345000000000001 19.163008058092711 720.25952600000016 0.020610000000000007 2.2261793006805171 15.575005434838424 0.0036650000000000003 1.3480819508640529
decision_type=2 2 2 2 2 2 2 2 2 2
left_child=1 5 3 4 -3 9 7 -4 -6 -1
right_child=-2 2 6 -5 8 -7 -8 -9 -10 -11
leaf_value=-1.0625534802950343 9.9277279383341455 -0.30952906379699696 -0.85389220085144013 -0.40250833346843717 0.16143564490519929 -0.79851252136230466 -0.27777270501852031 -0.42216502058506006 0.56756725672880803 -1.6213351026836194
leaf_weight=12.000000000000002 7.9999999999999991 9.0000000000000018 14.000000000000002 13.999999999999998 7.9999999999999991 8.9999999999999982 14.999999999999998 10.999999999999998 7.9999999999999991 18
leaf_count=12 8 9 14 14 8 9 15 11 8 18
internal_value=0.0932775 -0.651276 -0.31117 -0.0642597 0.133298 -1.31517 -0.544432 -0.687533 0.386031 -1.43936
internal_weight=126 118 79 39 25 39 40 25 16 30
internal_count=126 118 79 39 25 39 40 25 16 30
is_linear=0
shrinkage=0.03


Tree=38
num_leaves=10
num_cat=0
split_feature=5 14 19 7 25 25 35 9 35
split_gain=1.07721e+06 20257.6 3915.06 5497.45 2403.74 1926.32 1766.86 1163.4 532.088
threshold=0.018605000000000003 0.28085016666666668 0.029950000000000001 0.11500500000000001 39.369458708577014 48.325260263157901 19.064029254381268 0.020610000000000007 11.57919176276731
decision_type=2 2 2 2 2 2 2 2 2
left_child=-1 7 3 4 -3 -6 -5 -2 -4
right_child=1 2 8 6 5 -7 -8 -9 -10
leaf_value=10.158270641865828 -1.4035541464233399 -0.3442010437309741 -0.4536425634384153 -0.21491103944778436 0.47380802172422387 -0.082806145174936813 -0.78646742095266065 -0.77351682726542148 -0.87552338886260983
leaf_weight=7.9999999999999991 24 9.0000000000000018 9.0000000000000018 9.0000000000000018 11.000000000000002 9.9999999999999982 12.999999999999998 7.9999999999999991 10.999999999999998
leaf_count=8 24 9 9 9 11 10 13 8 11
internal_value=0.199061 -0.656467 -0.368158 -0.223204 0.0428974 0.216969 -0.572224 -1.2743 -0.716391
internal_weight=112 104 72 52 30 21 22 32 20
internal_count=112 104 72 52 30 21 22 32 20
is_linear=0
shrinkage=0.03


Tree=39
num_leaves=11
num_cat=0
split_feature=0 14 10 5 10 26 2 10 26 25
split_gain=1.03667e+06 24299.7 2406.98 3482.57 2284.48 1642.25 1439.12 1030.44 1024.94 418.053
threshold=0.13013500000000003 0.28512433333333337 0.023345000000000001 0.023860000000000003 0.014685000000000002 7.9329742403765735 0.82018000000000002 0.033580000000000006 9.5744702848520742 66.990998175444119
decision_type=2 2 2 2 2 2 2 2 2 2
left_child=1 6 3 -3 -5 7 9 -4 -7 -1
right_child=-2 2 5 4 -6 8 -8 -9 -10 -11
leaf_value=-1.5354316944795494 9.9362224553426088 -0.52004092994103068 0.022320800662040698 -0.23721710699796669 0.31112510707369073 -0.83736964511871304 -0.87453285749335041 -0.43165500411987295 -0.32930361811319986 -0.94666777095794674
leaf_weight=16.000000000000004 7.9999999999999991 11.999999999999998 8.0000000000000018 11.000000000000002 14.999999999999998 11.000000000000002 18 8.9999999999999982 7.9999999999999991 8.9999999999999982
leaf_count=16 8 12 8 11 15 11 18 9 8 9
internal_value=0.122817 -0.626692 -0.290133 -0.118696 0.0788851 -0.462955 -1.18609 -0.228565 -0.650683 -1.3681
internal_weight=125 117 74 38 26 36 43 17 19 25
internal_count=125 117 74 38 26 36 43 17 19 25
is_linear=0
shrinkage=0.03


Tree=40
num_leaves=10
num_cat=0
split_feature=20 14 3 12 28 7 26 34 34
split_gain=988502 20162.3 3619.64 4261.13 2464.61 1285.08 1303.43 575.031 781.764
threshold=725.61214050000012 0.28085016666666668 0.015185000000000002 0.0025850000000000001 4146.2322405685163 0.090035000000000018 9.2256942884373156 -122.41664965017121 -82.569407208354946
decision_type=2 2 2 2 2 2 2 2 2
left_child=1 7 3 5 -4 -3 -7 -1 -9
right_child=-2 2 4 -5 -6 6 -8 8 -10
leaf_value=-0.78088657150268548 9.7282190424601236 -0.33623541488647457 0.37164252143204196 0.0037224900364875792 -0.26613181161880495 -0.93209266510009736 -0.42774950313568111 -1.4319274523735048 -0.82227324549357061
leaf_weight=8.9999999999999982 7.9999999999999991 13.999999999999998 9.0000000000000018 13.999999999999998 10.999999999999998 14.000000000000002 10.999999999999998 19 8.0000000000000018
leaf_count=9 8 14 9 14 11 14 11 19 8
internal_value=0.170503 -0.613028 -0.318659 -0.446363 0.0248259 -0.604023 -0.735226 -1.18516 -1.28716
internal_weight=117 109 73 53 20 39 25 36 27
internal_count=117 109 73 53 20 39 25 36 27
is_linear=0
shrinkage=0.03


Tree=41
num_leaves=12
num_cat=0
split_feature=21 2 8 10 11 34 33 38 20 33 11
split_gain=984025 15066 6790.99 6562.27 2868.72 1375.95 1277.48 1945.9 1022.13 669.174 139.652
threshold=862.1645597157484 0.84946500000000014 0.5537200000000001 0.023345000000000001 0.0016650000000000002 -122.41664965017121 118.70807500000008 2.2261793006805171 722.62246000000016 107.48545999999995 0.00064500000000000007
decision_type=2 2 2 2 2 2 2 2 2 2 2
left_child=-1 5 3 4 8 -2 7 10 9 -3 -5
right_child=1 2 -4 6 -6 -7 -8 -9 -10 -11 -12
leaf_value=9.664654401779174 -0.73091034278869593 -0.14947232369581848 -1.0824459652900695 -0.45844900682994266 -0.41942885956764214 -1.3448080384627632 -0.90483754539489736 -0.067243386840820304 0.43776142611106234 0.2166928687095642 -0.7516517041524251
leaf_weight=7.9999999999999991 9.0000000000000018 8.0000000000000053 10.999999999999998 13.000000000000005 8.9999999999999982 22 7.9999999999999991 8.9999999999999982 7.9999999999999991 7.9999999999999991 7.9999999999999991
leaf_count=8 9 8 11 13 9 22 8 9 8 8 8
internal_value=0.115523 -0.639356 -0.417397 -0.300737 0.0102662 -1.19504 -0.564195 -0.447051 0.181794 0.0354991 -0.599302
internal_weight=121 113 82 71 33 31 38 30 24 16 21
internal_count=121 113 82 71 33 31 38 30 24 16 21
is_linear=0
shrinkage=0.03


Tree=42
num_leaves=11
num_cat=0
split_feature=18 14 21 33 3 24 11 7 18 33
split_gain=976529 15916.9 4611.11 4331.6 3587.14 1744.12 1837.44 1201 284.747 134.737
threshold=0.72595500000000013 0.28512433333333337 862.1645597157484 130.50684850000007 0.015185000000000002 825.25000000000011 0.0016250000000000004 0.10113500000000002 0.092085000000000014 43.954856000000071
decision_type=2 2 2 2 2 2 2 2 2 2
left_child=1 8 -3 4 5 7 -7 -4 9 -1
right_child=-2 2 3 -5 -6 6 -8 -9 -10 -11
leaf_value=-0.84848402366638154 9.6428238732020048 -1.0088493576049804 -0.27258099060208762 -0.81874106285788784 0.28095588485667339 0.15476226612237781 -0.40378895505269369 -0.74517090543111153 -0.74415248298645009 -1.3258993137904576
leaf_weight=9.0000000000000018 7.9999999999999991 7.9999999999999991 15.000000000000002 9.9999999999999982 11.999999999999998 12.000000000000002 7.9999999999999991 7.9999999999999991 7.9999999999999991 20
leaf_count=9 8 8 15 10 12 12 8 8 8 20
internal_value=0.139722 -0.632045 -0.366573 -0.273413 -0.161386 -0.288444 -0.0771758 -0.461222 -1.13234 -1.21101
internal_weight=118 110 73 65 55 43 20 23 37 29
internal_count=118 110 73 65 55 43 20 23 37 29
is_linear=0
shrinkage=0.03


Tree=43
num_leaves=10
num_cat=0
split_feature=37 2 8 18 28 11 20 7 25
split_gain=979358 11914.5 9320.12 4719.62 7342.04 1242.26 1155.25 915.37 782.89
threshold=5.0484608390443482 0.82018000000000002 0.5537200000000001 0.36578000000000005 4876.0970152152504 0.00039500000000000001 720.25952600000016 0.11500500000000001 46.386318508771929
decision_type=2 2 2 2 2 2 2 2 2
left_child=-1 -2 3 5 6 -3 -5 -6 -8
right_child=1 2 -4 4 7 -7 8 -9 -10
leaf_value=9.6855022659301735 -1.2892605598851254 -0.26611099700629715 -1.2395785694122314 -0.11864378833770747 -0.32071597321828205 -0.67772215994473162 0.4373059436724735 -0.83226104164123527 0.052487526774406427
leaf_weight=7.9999999999999991 18 10.999999999999998 10.999999999999998 8.0000000000000018 7.9999999999999991 28 12.000000000000002 7.9999999999999991 7.9999999999999991
leaf_count=8 18 11 11 8 8 28 12 8 8
internal_value=0.162451 -0.597446 -0.452778 -0.33497 -0.117494 -0.571219 0.175502 -0.610488 0.293279
internal_weight=120 112 94 83 44 39 28 16 20
internal_count=120 112 94 83 44 39 28 16 20
is_linear=0
shrinkage=0.03


Tree=44
num_leaves=11
num_cat=0
split_feature=34 14 18 3 12 16 35 21 4 2
split_gain=1.01431e+06 12276.6 6585.24 4519.26 2545.52 2077.21 1039.45 537.299 530.9 460.222
threshold=-7.8351993530885684 0.28085016666666668 0.72595500000000013 0.015185000000000002 0.0021600000000000005 0.19085218275000004 19.163008058092711 872.28237746742514 0.0042650000000000006 0.82018000000000002
decision_type=2 2 2 2 2 2 2 2 2 2
left_child=1 9 3 4 6 7 8 -6 -3 -1
right_child=-2 2 -4 -5 5 -7 -8 -9 -10 -11
leaf_value=-1.2274996859810567 9.8854067872365317 -0.20020914220809921 -1.153544614156087 0.21018532751287733 -0.16870138821601854 0.20566215578715005 -0.8512949758009476 -0.52615657194455467 -0.57702355130513505 -0.76011453593860967
leaf_weight=21.000000000000004 7.9999999999999991 8.0000000000000053 7.9999999999999991 12.999999999999998 9.0000000000000053 7.9999999999999991 9.9999999999999982 7.9999999999999991 7.9999999999999991 9.9999999999999982
leaf_count=21 8 8 8 13 9 8 10 8 8 10
internal_value=0.225208 -0.612922 -0.388693 -0.276788 -0.402602 -0.175826 -0.606013 -0.356885 -0.411564 -1.10524
internal_weight=111 103 72 64 51 25 26 17 16 31
internal_count=111 103 72 64 51 25 26 17 16 31
is_linear=0
shrinkage=0.03


Tree=45
num_leaves=11
num_cat=0
split_feature=22 2 35 8 20 24 25 38 3 7
split_gain=958104 12287.7 5456.83 4782.84 3180.54 1336.37 1240.5 900.38 732.41 90.8427
threshold=414.64873150000005 0.84946500000000014 19.163008058092711 0.36488500000000007 724.02986350000003 825.25000000000011 46.386318508771929 2.2261793006805171 0.012145000000000001 0.027125000000000007
decision_type=2 2 2 2 2 2 2 2 2 2
left_child=-1 9 3 5 -4 7 -5 8 -3 -2
right_child=1 2 4 6 -6 -7 -8 -9 -10 -11
leaf_value=9.5419576079050685 -0.72780620320638012 -0.31214789614677418 -0.32141011008349318 0.4006635108947752 -1.0581136325836182 -0.074859153842926018 -0.091119458913803089 -0.18691697978973387 -0.70837022983326625 -1.149584890978677
leaf_weight=7.9999999999999991 7.9999999999999991 9.0000000000000018 10.000000000000002 9.0000000000000018 13.999999999999998 8.9999999999999982 7.9999999999999991 7.9999999999999991 15.999999999999998 27
leaf_count=8 8 9 10 9 14 9 8 8 16 27
internal_value=0.104817 -0.609785 -0.402652 -0.240209 -0.776349 -0.409282 0.176948 -0.49556 -0.58328 -1.07611
internal_weight=126 118 83 59 24 42 17 33 25 35
internal_count=126 118 83 59 24 42 17 33 25 35
is_linear=0
shrinkage=0.03


Tree=46
num_leaves=11
num_cat=0
split_feature=5 2 1 4 29 20 12 29 26 12
split_gain=959586 8319.26 7384.3 5849.31 2940.73 1389.3 1768.68 1293.03 719.305 200.3
threshold=0.016740000000000005 0.84946500000000014 0.50075000000000014 0.0037050000000000004 12.672537297011129 720.99840150000011 0.0019800000000000004 14.484766770419087 7.2142744580365639 0.0031750000000000003
decision_type=2 2 2 2 2 2 2 2 2 2
left_child=-1 9 3 -3 -4 6 -5 -6 -8 -2
right_child=1 2 4 5 7 -7 8 -9 -10 -11
leaf_value=9.4435413939158117 -0.95924782240390771 0.25534441384673118 -0.41151144707202891 -0.86743458856855116 -1.4326625040227712 -0.19777519490168644 -0.52715079837578971 -0.72559973780314124 -0.1413816386858622 -1.3930186719027431
leaf_weight=7.9999999999999991 23 10.999999999999998 8.0000000000000018 12.999999999999998 10.000000000000002 11.999999999999998 12.000000000000002 7.9999999999999991 7.9999999999999991 9.9999999999999982
leaf_count=8 23 11 8 13 10 12 12 8 8 10
internal_value=0.00697587 -0.725219 -0.551533 -0.347007 -0.962825 -0.496632 -0.596249 -1.17322 -0.386995 -1.12784
internal_weight=123 115 82 56 26 45 33 18 20 33
internal_count=123 115 82 56 26 45 33 18 20 33
is_linear=0
shrinkage=0.03


Tree=47
num_leaves=12
num_cat=0
split_feature=2 18 19 12 37 38 9 38 14 29 25
split_gain=9022.08 7388.28 4160.88 4762.65 3017.34 1800.06 1225.68 881.003 766.057 463.396 238.804
threshold=0.84946500000000014 0.71140000000000014 0.027110000000000002 0.0020700000000000002 19.721396605846444 2.3580291790596992 0.042310000000000007 2.3580291790596992 0.49865866666666675 15.575005434838424 66.990998175444119
decision_type=2 2 2 2 2 2 2 2 2 2 2
left_child=10 2 3 4 -2 6 9 -3 -5 -4 -1
right_child=1 7 5 8 -6 -7 -8 -9 -10 -11 -12
leaf_value=-1.1712971339433089 -0.035464261213938378 -1.295505612532297 -0.63834188804626413 -0.025401082134246813 -0.82197840986251824 -0.15413314882914225 -0.98266737327575671 -0.68031831464767456 0.33187535208463664 -0.2692485434214274 -0.78506600352695999
leaf_weight=22 8.0000000000000018 8.0000000000000018 9.0000000000000053 9.0000000000000018 8.9999999999999982 7.9999999999999991 8.9999999999999982 8.9999999999999982 11.999999999999998 7.9999999999999991 12.999999999999998
leaf_count=22 8 8 9 9 9 8 9 9 12 8 13
internal_value=-0.647249 -0.477471 -0.335707 -0.114874 -0.47447 -0.572144 -0.690234 -1.02579 0.184494 -0.489342 -1.05367
internal_weight=124 89 72 38 17 34 26 17 21 17 35
internal_count=124 89 72 38 17 34 26 17 21 17 35
is_linear=0
shrinkage=0.03


Tree=48
num_leaves=12
num_cat=0
split_feature=7 2 8 21 10 11 18 35 25 4 12
split_gain=958955 9410.66 9522.81 4203.55 6330.28 2092.78 1004.69 729.963 536.8 408.698 107.817
threshold=0.15133000000000005 0.84946500000000014 0.5537200000000001 862.1645597157484 0.023630000000000002 0.0016250000000000004 0.44278000000000006 11.57919176276731 66.990998175444119 0.0046300000000000013 0.0029850000000000002
decision_type=2 2 2 2 2 2 2 2 2 2 2
left_child=1 8 3 -3 5 6 -5 -6 10 -9 -1
right_child=-2 2 -4 4 7 -7 -8 9 -10 -11 -12
leaf_value=-0.93145338474001171 9.5272337188720702 -0.94220494969685864 -1.2814330210252241 -0.044178145980834943 -0.27693587989073531 -0.32940672163168594 0.3474641017466783 -0.76042312908172582 -0.74669210111177886 -0.43250693645477295 -1.4442411651611329
leaf_weight=13.000000000000002 7.9999999999999991 7.9999999999999991 9.9999999999999982 9.0000000000000018 11.999999999999998 7.9999999999999991 14.999999999999998 11.000000000000002 11.999999999999998 13.999999999999998 7.9999999999999991
leaf_count=13 8 8 10 9 12 8 15 11 12 14 8
internal_value=0.0802373 -0.623083 -0.450488 -0.327509 -0.243777 0.065151 0.204646 -0.50568 -1.05143 -0.600545 -1.18364
internal_weight=128 120 87 77 69 32 24 37 33 25 21
internal_count=128 120 87 77 69 32 24 37 33 25 21
is_linear=0
shrinkage=0.03


Tree=49
num_leaves=12
num_cat=0
split_feature=37 2 0 7 1 28 24 29 28 26 12
split_gain=923029 7331.86 6928.69 2239.42 4340.35 2236.32 1819.66 839.602 1521.24 694.414 47.8243
threshold=5.0484608390443482 0.83471000000000017 0.12377000000000002 0.11500500000000001 0.39324500000000001 4304.7992280868239 850.70000000000016 17.500077449963261 2587.2706029186133 9.5744702848520742 0.0027350000000000005
decision_type=2 2 2 2 2 2 2 2 2 2 2
left_child=-1 10 3 4 7 -6 -4 8 -3 -5 -2
right_child=1 2 6 9 5 -7 -8 -9 -10 -11 -12
leaf_value=9.36961611175537 -0.84633967372349306 -0.30149990639090529 -0.58837983095645896 -0.82927758536338769 0.31808103295734941 -0.25414634279771281 -1.3542885055541991 -0.1595179492632548 -0.78066873374352086 -0.3654388108253479 -1.2818915051546964
leaf_weight=7.9999999999999991 13.000000000000002 15.000000000000002 7.9999999999999991 9.0000000000000018 13.000000000000002 9.9999999999999982 7.9999999999999991 7.9999999999999991 11.999999999999998 7.9999999999999991 9.9999999999999982
leaf_count=8 13 15 8 9 13 10 8 8 12 8 10
internal_value=0.118268 -0.606766 -0.476365 -0.34656 -0.250065 0.069001 -1.02856 -0.455871 -0.534793 -0.643513 -1.08129
internal_weight=122 114 91 75 58 23 16 35 27 17 23
internal_count=122 114 91 75 58 23 16 35 27 17 23
is_linear=0
shrinkage=0.03


end of trees

feature_importances:
Column_14=30
Column_2=26
Column_0=24
Column_15=22
Column_9=20
Column_8=19
Column_7=17
Column_18=17
Column_25=17
Column_34=15
Column_35=15
Column_38=15
Column_3=13
Column_10=13
Column_12=13
Column_21=13
Column_11=11
Column_22=11
Column_28=11
Column_5=10
Column_20=10
Column_26=10
Column_29=10
Column_1=9
Column_27=9
Column_24=8
Column_33=8
Column_4=6
Column_16=6
Column_19=6
Column_37=5
Column_17=4
Column_13=1
Column_23=1

parameters:
[boosting: gbdt]
[objective: regression]
[metric: l2]
[tree_learner: serial]
[device_type: cpu]
[data_sample_strategy: bagging]
[data: ]
[valid: ]
[num_iterations: 50]
[learning_rate: 0.03]
[num_leaves: 15]
[num_threads: 1]
[seed: 20260723]
[deterministic: 1]
[force_col_wise: 1]
[force_row_wise: 0]
[histogram_pool_size: -1]
[max_depth: -1]
[min_data_in_leaf: 8]
[min_sum_hessian_in_leaf: 0.001]
[bagging_fraction: 0.85]
[pos_bagging_fraction: 1]
[neg_bagging_fraction: 1]
[bagging_freq: 1]
[bagging_seed: 20260723]
[bagging_by_query: 0]
[feature_fraction: 0.85]
[feature_fraction_bynode: 1]
[feature_fraction_seed: 20260723]
[extra_trees: 0]
[extra_seed: 20591]
[early_stopping_round: 0]
[early_stopping_min_delta: 0]
[first_metric_only: 0]
[max_delta_step: 0]
[lambda_l1: 0.05]
[lambda_l2: 1]
[linear_lambda: 0]
[min_gain_to_split: 0.0001]
[drop_rate: 0.1]
[max_drop: 50]
[skip_drop: 0.5]
[xgboost_dart_mode: 0]
[uniform_drop: 0]
[drop_seed: 9722]
[top_rate: 0.2]
[other_rate: 0.1]
[min_data_per_group: 100]
[max_cat_threshold: 32]
[cat_l2: 10]
[cat_smooth: 10]
[max_cat_to_onehot: 4]
[top_k: 20]
[monotone_constraints: ]
[monotone_constraints_method: basic]
[monotone_penalty: 0]
[feature_contri: ]
[forcedsplits_filename: ]
[refit_decay_rate: 0.9]
[cegb_tradeoff: 1]
[cegb_penalty_split: 0]
[cegb_penalty_feature_lazy: ]
[cegb_penalty_feature_coupled: ]
[path_smooth: 0]
[interaction_constraints: ]
[verbosity: -1]
[saved_feature_importance_type: 0]
[use_quantized_grad: 0]
[num_grad_quant_bins: 4]
[quant_train_renew_leaf: 0]
[stochastic_rounding: 1]
[linear_tree: 0]
[max_bin: 127]
[max_bin_by_feature: ]
[min_data_in_bin: 3]
[bin_construct_sample_cnt: 200000]
[data_random_seed: 20260723]
[is_enable_sparse: 1]
[enable_bundle: 1]
[use_missing: 1]
[zero_as_missing: 0]
[feature_pre_filter: 1]
[pre_partition: 0]
[two_round: 0]
[header: 0]
[label_column: ]
[weight_column: ]
[group_column: ]
[ignore_column: ]
[categorical_feature: ]
[forcedbins_filename: ]
[precise_float_parser: 0]
[parser_config_file: ]
[objective_seed: 5935]
[num_class: 1]
[is_unbalance: 0]
[scale_pos_weight: 1]
[sigmoid: 1]
[boost_from_average: 1]
[reg_sqrt: 0]
[alpha: 0.9]
[fair_c: 1]
[poisson_max_delta_step: 0.7]
[tweedie_variance_power: 1.5]
[lambdarank_truncation_level: 30]
[lambdarank_norm: 1]
[label_gain: ]
[lambdarank_position_bias_regularization: 0]
[eval_at: ]
[multi_error_top_k: 1]
[auc_mu_weights: ]
[num_machines: 1]
[local_listen_port: 12400]
[time_out: 120]
[machine_list_filename: ]
[machines: ]
[gpu_platform_id: -1]
[gpu_device_id: -1]
[gpu_device_id_list: ]
[gpu_use_dp: 0]
[num_gpu: 1]

end of parameters

pandas_categorical:null
