tree
version=v4
num_class=1
num_tree_per_iteration=1
label_index=0
max_feature_idx=41
objective=regression
feature_names=Column_0 Column_1 Column_2 Column_3 Column_4 Column_5 Column_6 Column_7 Column_8 Column_9 Column_10 Column_11 Column_12 Column_13 Column_14 Column_15 Column_16 Column_17 Column_18 Column_19 Column_20 Column_21 Column_22 Column_23 Column_24 Column_25 Column_26 Column_27 Column_28 Column_29 Column_30 Column_31 Column_32 Column_33 Column_34 Column_35 Column_36 Column_37 Column_38 Column_39 Column_40 Column_41
feature_infos=[0.024969999999999992:3.2000000000000002] [0.12012:0.65407999999999999] [0.58059000000000005:2.10806] [0.0070600000000000003:0.018499999999999999] [0.0016500000000000004:0.0083000000000000001] [0.013350000000000001:0.050299999999999997] none [0.0085800000000000043:0.17138999999999999] [0:0.60048000000000001] [0:0.19581000000000001] [0:0.050279999999999991] [0:0.0025600000000000002] [0.00076000000000000004:0.0035699999999999998] [0.0024399999999999999:0.0083000000000000001] [2.3250000000000028:165] [0.13935900000000001:3.6819156666666673] [0.069267999999999996:3.3696631666666668] [0.019020128400000003:6.2119999999999997] [0.16011:0.66847000000000001] [0.0014899999999999913:0.79629000000000005] [0:0.051189999999999999] [716.01038900000003:728.53581999999994] [578.94624945403416:887.67561891398418] [-884.62820499999998:506.49418699999995] [0:0.0276396] [720.89999999999998:875.79999999999995] [2.1417900000003556:137.40225520002201] [4.1385069476315399:292.72887396349279] [3.8839464865410882:586.55144230574024] [1053.5963477287455:107214.84243794132] [0:20.799352463556257] [0:1] [1:3] none [1.5508940000000848:149.28860099999986] [-161.7231228887623:260.15375054596586] [0.28821001446401695:471.11196000550206] none [0:471.11196000550206] [1.0554723151317358:74.838009449953418] none none
tree_sizes=794 879 782 881 661 990 961 879 776 883 1071 981 968 853 988 1003 987 970 1083 906 981 1080 1096 1068 998 1090 1209 1072 1099 1022 1107 1185 1095 1104 1117 1194 1101 1296 1308 1293 1213 1212 1122 1198 1106 1008 1206 1194 1320 1312 1210 1198 1116 1198

Tree=0
num_leaves=7
num_cat=0
split_feature=0 22 19 5 2 10
split_gain=1.06249e+06 90222.3 44907.2 3462.4 2860.93 332.878
threshold=0.084080000000000016 874.43806699845356 0.59565500000000016 0.031410000000000007 1.2675800000000004 0.021635000000000005
decision_type=2 2 2 2 2 2
left_child=1 4 3 -2 -1 -4
right_child=2 -3 5 -5 -6 -7
leaf_value=500.02022931348142 503.13236090671933 497.80345510690069 505.51964722308588 503.86692149005864 501.15657663228029 504.54820252174056
leaf_weight=16.000000000000004 15.000000000000002 37 18.000000000000004 11.999999999999998 7.9999999999999991 10.999999999999998
leaf_count=16 15 37 18 12 8 11
internal_value=501.453 498.743 504.421 503.492 500.326 505.228
internal_weight=117 61 56 27 24 29
internal_count=117 61 56 27 24 29
is_linear=0
shrinkage=1


Tree=1
num_leaves=8
num_cat=0
split_feature=0 0 22 9 34 2 17
split_gain=3.30783e+06 947560 87492.6 30718.5 2079.36 2049.34 1098.53
threshold=0.13013500000000003 0.084080000000000016 874.43806699845356 0.15489000000000003 96.592758000000018 1.2675800000000004 0.18562166325000004
decision_type=2 2 2 2 2 2 2
left_child=1 2 5 4 -3 -1 -6
right_child=-2 3 -4 -5 6 -7 -8
leaf_value=-2.5513235864639277 17.605988983154294 1.4409358317057286 -4.719641725038227 2.5136006668754245 0.41589179261525455 -1.5107426353454589 0.94457465877532953
leaf_weight=15.000000000000002 7.9999999999999991 8.0000000000000018 37 22 8.0000000000000018 8.9999999999999982 13.999999999999998
leaf_count=15 8 8 37 22 8 9 14
internal_value=0.0973221 -1.28578 -3.79481 1.67354 0.996228 -2.2372 0.778832
internal_weight=121 113 61 52 30 24 22
internal_count=121 113 61 52 30 24 22
is_linear=0
shrinkage=0.03


Tree=2
num_leaves=7
num_cat=0
split_feature=1 22 8 25 4 15
split_gain=930449 85011.4 37484.5 3001 1193.14 648.842
threshold=0.34773000000000004 874.43806699845356 0.37342500000000006 822.50000000000011 0.0038300000000000005 0.3061113333333334
decision_type=2 2 2 2 2 2
left_child=1 5 3 -2 -5 -1
right_child=2 -3 -4 4 -6 -7
leaf_value=-2.4351710815429679 1.2753015492757156 -4.5598546397617881 2.3305214074271063 0.22451849524180084 0.73824562656879422 -1.5778613381019007
leaf_weight=12.000000000000002 8.0000000000000018 34 34 8.0000000000000018 10.999999999999998 11.999999999999998
leaf_count=12 8 34 34 8 11 12
internal_value=-0.898631 -3.58928 1.67629 0.798583 0.544056 -2.08684
internal_weight=119 58 61 27 19 24
internal_count=119 58 61 27 19 24
is_linear=0
shrinkage=0.03


Tree=3
num_leaves=8
num_cat=0
split_feature=15 0 22 17 3 5 19
split_gain=3.20805e+06 862513 54374.6 30059.9 4975.75 1337.8 172.031
threshold=0.61941583333333339 0.069270000000000012 874.43806699845356 0.20485365100000003 0.014665000000000003 0.027310000000000004 0.13416500000000006
decision_type=2 2 2 2 2 2 2
left_child=1 2 6 4 -3 -5 -1
right_child=-2 3 -4 5 -6 -7 -8
leaf_value=-2.5772592315673819 17.551071062723793 0.21569536468615894 -4.418038717630747 2.3687536628723143 1.0580467514038088 1.5538035376412529 -1.6128565784454347
leaf_weight=10.000000000000002 7.9999999999999991 12.000000000000002 36 19 13.999999999999998 12.999999999999998 8.9999999999999982
leaf_count=10 8 12 36 19 14 13 9
internal_value=0.309987 -1.05386 -3.71337 1.48826 0.691713 2.09484 -2.224
internal_weight=121 113 55 58 26 32 19
internal_count=121 113 55 58 26 32 19
is_linear=0
shrinkage=0.03


Tree=4
num_leaves=6
num_cat=0
split_feature=16 0 22 8 16
split_gain=3.09977e+06 812677 70451 25742.1 2507.53
threshold=0.29371150000000007 0.084080000000000016 874.43806699845356 0.51919500000000018 0.23336541666666669
decision_type=2 2 2 2 2
left_child=1 2 -1 4 -3
right_child=-2 3 -4 -5 -6
leaf_value=-2.1110129541050302 17.113918073018393 0.31844052515029897 -4.4659356487377266 2.1332317343817819 0.97700874041883568
leaf_weight=21 7.9999999999999991 9.0000000000000018 36 26 18
leaf_count=21 8 9 36 26 18
internal_value=0.182266 -1.1922 -3.64971 1.4694 0.776753
internal_weight=118 110 57 53 27
internal_count=118 110 57 53 27
is_linear=0
shrinkage=0.03


Tree=5
num_leaves=9
num_cat=0
split_feature=35 0 22 9 30 5 15 30
split_gain=3.14626e+06 718820 70784 13949.8 2037.73 816.728 207.112 103.076
threshold=-4.4513294524876441 0.084080000000000016 874.43806699845356 0.15773000000000001 15.575005434838424 0.028555000000000004 0.3061113333333334 13.387653497335524
decision_type=2 2 2 2 2 2 2 2
left_child=1 2 6 4 7 -5 -1 -3
right_child=-2 3 -4 5 -6 -7 -8 -9
leaf_value=-2.3184728149414058 17.090588478088378 1.1768146788857192 -4.2259590362548822 2.1329016632080076 0.36891498996814093 1.272853964805603 -1.5243329172134399 0.74966331529617303
leaf_weight=14.000000000000002 7.9999999999999991 10.000000000000005 39 14.000000000000002 7.9999999999999991 7.9999999999999991 10.999999999999998 10.999999999999998
leaf_count=14 8 10 39 14 8 8 11 11
internal_value=0.00339689 -1.32235 -3.41708 1.32147 0.842139 1.88916 -2.04118 0.997383
internal_weight=123 115 64 51 29 22 25 21
internal_count=123 115 64 51 29 22 25 21
is_linear=0
shrinkage=0.03


Tree=6
num_leaves=9
num_cat=0
split_feature=8 0 22 21 27 8 4 9
split_gain=3.07362e+06 651618 51595.4 16570 5936.27 2120.9 634.088 277.833
threshold=0.55734500000000009 0.069270000000000012 874.43806699845356 722.25561450000009 7.6600510419573231 0.11522 0.0038300000000000005 0.16518000000000002
decision_type=2 2 2 2 2 2 2 2
left_child=1 2 5 4 -3 -1 -6 -5
right_child=-2 3 -4 7 6 -7 -8 -9
leaf_value=-2.3656968084482042 17.054392239888507 0.0080900695974176554 -4.1081126134717785 1.2001221531954673 0.60051276429494216 -1.3173511066436767 1.1564001057942708 1.8499895686099403
leaf_weight=12.000000000000002 7.9999999999999991 10.000000000000002 36 10.000000000000002 7.9999999999999991 7.9999999999999991 7.9999999999999991 18
leaf_count=12 8 10 36 10 8 8 8 18
internal_value=0.194408 -1.17436 -3.41427 1.16833 0.589045 -2.02913 0.930219 1.66733
internal_weight=118 110 56 54 26 20 16 28
internal_count=118 110 56 54 26 20 16 28
is_linear=0
shrinkage=0.03


Tree=7
num_leaves=8
num_cat=0
split_feature=7 2 22 21 17 9 13
split_gain=3.00506e+06 582370 38883.3 14433.5 5433.72 1314.88 1070.55
threshold=0.15133000000000005 1.3808300000000002 874.43806699845356 722.25561450000009 0.17939500900000002 0.15773000000000001 0.0062200000000000007
decision_type=2 2 2 2 2 2 2
left_child=1 2 -1 4 -3 -5 -6
right_child=-2 3 -4 5 6 -7 -8
leaf_value=-1.973186435475069 17.026052981058754 -0.10930989249547318 -3.9932465207156009 0.99832875022888146 0.51660998600721342 1.7173747804641724 1.0534517932891845
leaf_weight=15.999999999999998 7.9999999999999991 8.0000000000000018 33 9.0000000000000018 11.000000000000002 19 8.9999999999999982
leaf_count=16 8 8 33 9 11 19 9
internal_value=0.385985 -1.03048 -3.38632 1.0541 0.543105 1.5287 0.796921
internal_weight=113 105 49 56 28 28 20
internal_count=113 105 49 56 28 28 20
is_linear=0
shrinkage=0.03


Tree=8
num_leaves=7
num_cat=0
split_feature=0 2 17 3 5 8
split_gain=618192 57695.2 17031.9 4935.38 3726.35 465.645
threshold=0.069270000000000012 0.84946500000000014 0.20485365100000003 0.014665000000000003 0.028555000000000004 0.11522
decision_type=2 2 2 2 2 2
left_child=1 -1 3 -2 -4 -3
right_child=2 5 4 -5 -6 -7
leaf_value=-4.0284556169782366 0.045932796580450866 -2.103852207183837 1.7615255465507507 0.89351348924636831 0.98574792327880856 -1.2717333227793375
leaf_weight=34 13.000000000000002 12.000000000000002 23 10.999999999999998 13.999999999999998 7.9999999999999991
leaf_count=34 13 12 23 11 14 8
internal_value=-0.960005 -3.26899 1.10375 0.454669 1.50169 -1.84748
internal_weight=115 54 61 24 37 20
internal_count=115 54 61 24 37 20
is_linear=0
shrinkage=0.03


Tree=9
num_leaves=8
num_cat=0
split_feature=17 0 22 21 15 15 4
split_gain=2.79831e+06 544105 52383.9 8076.41 3130.11 2850.8 622.828
threshold=0.25041880400000005 0.084080000000000016 874.43806699845356 721.49692950000019 0.3061113333333334 0.49323783333333343 0.0034450000000000006
decision_type=2 2 2 2 2 2 2
left_child=1 2 4 5 -1 -3 -5
right_child=-2 3 -4 6 -6 -7 -8
leaf_value=-2.1666188031710107 16.192433362642923 0.1013744130134582 -3.7530573411226271 0.88853661918640092 -1.1733353953794998 0.82579432051522383 1.4916801490783691
leaf_weight=12.000000000000002 7.9999999999999991 8.0000000000000018 39 8.0000000000000018 9.9999999999999982 12.999999999999998 23
leaf_count=12 8 8 39 8 10 13 23
internal_value=0.0885985 -1.18352 -3.08384 1.0618 -1.78584 0.567045 1.36871
internal_weight=121 113 61 52 22 21 31
internal_count=121 113 61 52 22 21 31
is_linear=0
shrinkage=0.03


Tree=10
num_leaves=10
num_cat=0
split_feature=7 0 16 21 13 13 9 2 16
split_gain=2.805e+06 518744 48074.3 9750.7 2322.61 1928.37 1508.95 933.549 415.471
threshold=0.15133000000000005 0.084080000000000016 0.098534750000000018 722.25561450000009 0.0045450000000000013 0.0061600000000000014 0.15773000000000001 1.8029500000000003 0.14187458333333336
decision_type=2 2 2 2 2 2 2 2 2
left_child=1 2 -1 5 -4 -3 -5 -7 -6
right_child=-2 3 4 6 8 7 -8 -9 -10
leaf_value=-3.7762194900512691 16.407663965861001 0.15977090303103123 -2.3708826713562003 0.8346615416208899 -1.7622872629165649 0.43387805936336499 1.537040562272072 0.94299671485207293 -1.026396732966105
leaf_weight=31 7.9999999999999991 8.0000000000000018 11.000000000000002 8.0000000000000018 7.9999999999999991 9.0000000000000018 23 9.9999999999999982 7.9999999999999991
leaf_count=31 8 8 11 8 8 9 23 10 8
internal_value=0.270667 -0.972942 -2.9558 1.02638 -1.91256 0.576882 1.38758 0.735662 -1.47645
internal_weight=124 116 58 58 27 27 31 19 16
internal_count=124 116 58 58 27 27 31 19 16
is_linear=0
shrinkage=0.03


Tree=11
num_leaves=9
num_cat=0
split_feature=1 9 16 21 1 27 15 29
split_gain=2.79792e+06 442541 53165.4 8039.67 3902.57 3518.24 2547.43 2084.23
threshold=0.55441000000000018 0.046770000000000006 0.098534750000000018 722.25561450000009 0.54818 7.9329742403765735 0.31461583333333337 4038.8082731961426
decision_type=2 2 2 2 2 2 2 2
left_child=1 2 -1 5 -5 -3 -4 -7
right_child=-2 3 6 4 -6 7 -8 -9
leaf_value=-3.6793249182701109 16.376297916412351 -0.027243973851203904 -1.9622590364155015 1.466872595266862 0.5796914285818735 0.99453532791137655 -1.0415283463795979 0.30269166056315105
leaf_weight=31 7.9999999999999991 8.0000000000000018 18.000000000000004 21.000000000000004 7.9999999999999991 10.000000000000002 7.9999999999999991 7.9999999999999991
leaf_count=31 8 8 18 21 8 10 8 8
internal_value=0.280157 -1.0043 -2.83445 0.909113 1.24966 0.496997 -1.72808 0.719243
internal_weight=120 112 57 55 29 26 26 18
internal_count=120 112 57 55 29 26 26 18
is_linear=0
shrinkage=0.03


Tree=12
num_leaves=9
num_cat=0
split_feature=19 2 16 21 14 17 1 8
split_gain=2.693e+06 446636 46396.3 5439.1 3124.84 2591.31 2108.88 1626.61
threshold=0.72595500000000013 1.3808300000000002 0.098534750000000018 723.0635655000001 87.331000000000017 0.18887417480000004 0.54818 0.11522
decision_type=2 2 2 2 2 2 2 2
left_child=1 2 -1 4 -3 -6 -5 -4
right_child=-2 3 7 6 5 -7 -8 -9
leaf_value=-3.5766651855468745 16.006353541056313 1.0157930951551954 -2.0126201118469234 1.5445235828986532 -0.063555959701538045 0.60583816041265215 0.82534454146715297 -1.1852776927081021
leaf_weight=34 7.9999999999999991 10.000000000000002 14.000000000000002 12.000000000000002 8.0000000000000018 12.999999999999998 11.999999999999998 9.9999999999999982
leaf_count=34 8 10 14 12 8 13 12 10
internal_value=0.20933 -1.03963 -2.85447 0.890978 0.596358 0.359465 1.23239 -1.72915
internal_weight=121 113 58 55 31 21 24 24
internal_count=121 113 58 55 31 21 24 24
is_linear=0
shrinkage=0.03


Tree=13
num_leaves=8
num_cat=0
split_feature=23 10 0 30 19 3 9
split_gain=441447 21983.2 14035.8 4139.94 3685.75 1138.21 972.505
threshold=468.91088550000006 0.030510000000000002 0.099065000000000014 15.575005434838424 0.72595500000000013 0.01374 0.16518000000000002
decision_type=2 2 2 2 2 2 2
left_child=2 -2 -1 4 6 -5 -4
right_child=1 -3 3 5 -6 -7 -8
leaf_value=-0.41502945804595948 -3.3118874213759963 -1.8233599989539699 0.95045525276660925 0.18581121221780772 0.38804406388600671 0.68042650566101059 1.4492618898664202
leaf_weight=7.9999999999999991 36 18 23 9.0000000000000018 7.9999999999999991 8.9999999999999982 12.999999999999998
leaf_count=8 36 18 23 9 8 9 13
internal_value=-0.845273 -2.85791 0.725699 0.877165 1.03547 0.455994 1.16492
internal_weight=124 54 70 62 44 18 36
internal_count=124 54 70 62 44 18 36
is_linear=0
shrinkage=0.03


Tree=14
num_leaves=9
num_cat=0
split_feature=35 2 22 12 7 8 11 11
split_gain=2.66428e+06 381601 41221.3 5397.55 3202.64 1569.83 1417.17 1972.84
threshold=-4.4513294524876441 1.4601050000000002 874.43806699845356 0.0026200000000000004 0.12931000000000001 0.11522 0.0016650000000000002 0.0011900000000000003
decision_type=2 2 2 2 2 2 2 2
left_child=1 2 5 4 6 -1 7 -3
right_child=-2 3 -4 -5 -6 -7 -8 -9
leaf_value=-1.8272522006034846 15.805717943747839 0.68756466064453092 -3.2706524138566921 0.088838561751625758 0.40300484325335567 -1.038113156890869 0.59312379369735713 1.4040048583984375
leaf_weight=15.000000000000002 7.9999999999999991 9.0000000000000018 40 9.9999999999999982 11.999999999999998 8.9999999999999982 8.9999999999999982 13.999999999999998
leaf_count=15 8 9 40 10 12 9 9 14
internal_value=0.0679039 -1.12291 -2.67257 0.728895 0.869123 -1.58475 1.02636 1.16405
internal_weight=126 118 64 54 44 24 32 23
internal_count=126 118 64 54 44 24 32 23
is_linear=0
shrinkage=0.03


Tree=15
num_leaves=9
num_cat=0
split_feature=28 9 16 3 18 29 16 38
split_gain=2.61446e+06 297056 37608.4 4058.29 2358.51 3555.03 929.018 7.37276
threshold=26.925040793747744 0.046770000000000006 0.098534750000000018 0.014665000000000003 0.45204500000000003 4380.2725835073516 0.1495829166666667 19.111666955453789
decision_type=2 2 2 2 2 2 2 2
left_child=1 2 -1 4 -3 -6 -4 -5
right_child=-2 3 6 7 5 -7 -8 -9
leaf_value=-3.1828776885986323 15.914950253804522 -0.0069028399785359676 -1.7434845197796818 1.1349962143531209 0.91845036550668546 0.14821022714268078 -1.0771211985796689 0.74564291048049924
leaf_weight=29 7.9999999999999991 8.0000000000000018 15.000000000000002 12.000000000000002 12.000000000000002 9.9999999999999982 10.999999999999998 10.999999999999998
leaf_count=29 8 8 15 12 12 10 11 11
internal_value=0.377245 -0.909131 -2.43412 0.689143 0.435743 0.590072 -1.51195 0.987674
internal_weight=116 108 55 53 30 22 26 23
internal_count=116 108 55 53 30 22 26 23
is_linear=0
shrinkage=0.03


Tree=16
num_leaves=9
num_cat=0
split_feature=22 0 16 30 7 13 1 11
split_gain=2.59718e+06 335355 27425.6 3430.94 4422.94 2212.37 2262.24 1816.32
threshold=862.1645597157484 0.084080000000000016 0.098534750000000018 11.845588653252573 0.13542500000000005 0.0057350000000000014 0.54309000000000007 0.00046500000000000003
decision_type=2 2 2 2 2 2 2 2
left_child=-1 2 -2 -3 5 -5 -7 -4
right_child=1 3 7 4 -6 6 -8 -9
leaf_value=15.66584232711792 -3.1628803639003205 1.1142099749825216 -1.1774974932237101 0.28733113635503327 -0.032878408089280123 1.0344130078554152 0.35150844796498615 -1.9969203236897788
leaf_weight=7.9999999999999991 34 9.9999999999999982 10.000000000000002 11.999999999999998 10.999999999999998 15.000000000000002 7.9999999999999991 17
leaf_count=8 34 10 10 12 11 15 8 17
internal_value=0.132587 -1.05326 -2.57421 0.619548 0.490563 0.651458 0.821487 -1.74638
internal_weight=125 117 61 56 46 35 23 27
internal_count=125 117 61 56 46 35 23 27
is_linear=0
shrinkage=0.03


Tree=17
num_leaves=9
num_cat=0
split_feature=18 2 2 3 14 10 13 27
split_gain=2.51815e+06 275207 30518.6 5412.16 2381.47 2934.25 2111.98 946.681
threshold=0.5874100000000001 1.3808300000000002 0.84946500000000014 0.015185000000000002 91.89800000000001 0.021635000000000005 0.0045450000000000013 9.9164852050983594
decision_type=2 2 2 2 2 2 2 2
left_child=1 2 -1 4 7 -6 -4 -3
right_child=-2 3 6 -5 5 -7 -8 -9
leaf_value=-3.1229591397372154 15.369858659744262 0.70996204598744705 -2.0624308054997367 0.86698815325686807 0.35485395266792974 -0.33808087831735611 -1.2831409749587377 0.21956522448857624
leaf_weight=32 7.9999999999999991 7.9999999999999991 12.000000000000002 18 10.000000000000002 9.9999999999999982 17 7.9999999999999991
leaf_count=32 8 8 12 18 10 10 17 8
internal_value=0.0837578 -1.10294 -2.46724 0.455019 0.231128 0.00871447 -1.66365 0.492191
internal_weight=123 115 61 54 36 20 29 16
internal_count=123 115 61 54 36 20 29 16
is_linear=0
shrinkage=0.03


Tree=18
num_leaves=10
num_cat=0
split_feature=28 23 15 20 30 20 27 39 7
split_gain=2.48637e+06 274067 23232.5 9065.29 6171.77 4228.3 2891.42 1718.29 1193.65
threshold=27.600368555591881 468.91088550000006 0.19418566666666667 0.029950000000000001 15.575005434838424 0.016130000000000002 6.1413517707346612 2.2745723471800128 0.10828
decision_type=2 2 2 2 2 2 2 2 2
left_child=1 3 -3 4 5 -1 -4 -6 -7
right_child=-2 2 6 -5 7 8 -8 -9 -10
leaf_value=0.34185293769836422 15.390988727251687 -3.0646868583679194 -2.1473116959791909 -0.45831989670395845 -0.14751117545366282 0.69529326546192138 -1.2866561191783232 0.38653514621257778 1.2986626292142001
leaf_weight=14.999999999999998 7.9999999999999991 29 12.000000000000002 8.9999999999999982 11.000000000000002 11.000000000000002 15.999999999999998 8.9999999999999982 9.9999999999999982
leaf_count=15 8 29 12 9 11 11 16 9 10
internal_value=0.170985 -0.944052 -2.44365 0.38806 0.529766 0.759499 -1.71689 0.0997008 1.02865
internal_weight=130 122 57 65 56 36 28 20 21
internal_count=130 122 57 65 56 36 28 20 21
is_linear=0
shrinkage=0.03


Tree=19
num_leaves=8
num_cat=0
split_feature=16 23 0 22 39 21 39
split_gain=2.31866e+06 240602 20401.8 5347.34 5993.96 2344.02 1718.97
threshold=0.29849850000000006 468.91088550000006 0.059740000000000008 866.69894887670387 2.2261793006805171 720.99840150000011 1.9328033382480676
decision_type=2 2 2 2 2 2 2
left_child=1 3 -3 5 -5 6 -1
right_child=-2 2 -4 4 -6 -7 -8
leaf_value=0.021052003939946485 15.040618526776631 -3.0109383095050677 -1.4673199228048326 -0.41499684100139583 0.53655399656295777 0.88193680740805225 0.56850999679565428
leaf_weight=8.0000000000000018 7.9999999999999991 28 14.999999999999998 12.000000000000002 9.9999999999999982 15.999999999999998 13.999999999999998
leaf_count=8 8 28 15 12 10 16 14
internal_value=0.435624 -0.832444 -2.51809 0.397052 0.0219841 0.608027 0.37907
internal_weight=111 103 43 60 22 38 22
internal_count=111 103 43 60 22 38 22
is_linear=0
shrinkage=0.03


Tree=20
num_leaves=9
num_cat=0
split_feature=22 23 16 10 36 7 14 39
split_gain=2.38484e+06 222408 19867.1 11922.7 4372.45 2723.23 2067.67 1631.59
threshold=862.1645597157484 468.91088550000006 0.098534750000000018 0.027955000000000004 18.537959098288585 0.11500500000000001 95.366500000000016 1.533474908834072
decision_type=2 2 2 2 2 2 2 2
left_child=-1 3 -3 4 6 -6 -2 -4
right_child=1 2 7 -5 5 -7 -8 -9
leaf_value=15.055278940836589 1.154623086929321 -2.8048081026944245 -2.0176439895629876 -0.50986198651790615 0.55128451051712013 -0.051036672482123742 0.46371467814445494 -1.2244455388387043
leaf_weight=7.9999999999999991 11.000000000000002 32 8.0000000000000018 10.999999999999998 14.000000000000002 11.999999999999998 8.9999999999999982 17
leaf_count=8 11 32 8 11 14 12 9 17
internal_value=0.184692 -0.980686 -2.28897 0.344484 0.555317 0.28164 0.880673 -1.54617
internal_weight=122 114 57 57 46 26 20 25
internal_count=122 114 57 57 46 26 20 25
is_linear=0
shrinkage=0.03


Tree=21
num_leaves=10
num_cat=0
split_feature=14 28 16 3 28 8 15 36 8
split_gain=2.34812e+06 186906 23296.2 4962.12 1717.28 1587.35 2633.5 1668.8 652.037
threshold=73.493500000000026 15.693754802321962 0.098534750000000018 0.015185000000000002 22.608914203702913 0.25948000000000004 0.60620050000000003 19.064029254381268 0.11522
decision_type=2 2 2 2 2 2 2 2 2
left_child=-1 2 -2 5 -5 -3 7 -7 -4
right_child=1 3 8 4 -6 6 -8 -9 -10
leaf_value=15.049802787144976 -2.7242321806876886 -0.25419920900464055 -1.5373237511771063 1.0109148063659663 0.35823762187957764 0.55608114864826186 -0.22470479736328125 0.050112286350943822 -0.91071096954345698
leaf_weight=7.9999999999999991 30 7.9999999999999991 13.000000000000002 8.0000000000000018 8.9999999999999982 14.000000000000002 8.9999999999999982 9.9999999999999982 8.9999999999999982
leaf_count=8 30 8 13 8 9 14 9 10 9
internal_value=0.31432 -0.883267 -2.17139 0.288809 0.704562 0.103717 0.195453 0.355758 -1.33179
internal_weight=118 110 52 58 17 41 33 24 22
internal_count=118 110 52 58 17 41 33 24 22
is_linear=0
shrinkage=0.03


Tree=22
num_leaves=10
num_cat=0
split_feature=23 16 10 34 0 22 16 30 10
split_gain=190635 18630.9 7524.92 4572.58 2648.96 4221.12 1937.5 891.785 402.465
threshold=468.91088550000006 0.098534750000000018 0.027955000000000004 94.171421500000022 0.12072500000000001 864.50444184759783 0.14681925000000004 14.248679166976643 0.018640000000000004
decision_type=2 2 2 2 2 2 2 2 2
left_child=2 -2 3 -1 7 -6 -3 -5 -9
right_child=1 6 -4 4 5 -7 -8 8 -10
leaf_value=0.89429217402140293 -2.7269087246981534 -1.1581336720410513 -0.55578415381908408 -0.23556399124860755 -0.10660501344998673 0.77105990338325492 -1.9486213451385501 0.24076923672358186 -0.039144632848352193
leaf_weight=7.9999999999999991 32 16.000000000000004 10.999999999999998 11.000000000000002 8.0000000000000018 10.999999999999998 8.9999999999999982 8.0000000000000018 8.9999999999999982
leaf_count=8 32 16 11 11 8 11 9 8 9
internal_value=-0.972143 -2.22699 0.12863 0.27302 0.150812 0.414589 -1.50677 -0.0362514 0.0985543
internal_weight=123 57 66 55 47 19 25 28 17
internal_count=123 57 66 55 47 19 25 28 17
is_linear=0
shrinkage=0.03


Tree=23
num_leaves=10
num_cat=0
split_feature=2 22 36 30 26 26 8 9 8
split_gain=180618 20682 2847.6 3622.73 2781.8 2540.72 2291.9 1055.56 950.82
threshold=1.3808300000000002 874.43806699845356 18.537959098288585 15.575005434838424 38.61338662280702 68.589623148148178 0.11522 0.098450000000000024 0.5270800000000001
decision_type=2 2 2 2 2 2 2 2 2
left_child=1 6 3 7 8 -3 -1 -2 -4
right_child=2 5 4 -5 -6 -7 -8 -9 -10
leaf_value=-1.5002292643955772 0.40972963237762416 -2.7226239427839003 -0.36637599871158588 -0.021882664327820142 0.37293372443318362 -1.7569392612163837 -0.72432759068012231 0.96764786753654475 0.053391200637817382
leaf_weight=13.000000000000002 8.0000000000000053 27 9.0000000000000018 7.9999999999999991 14.999999999999998 11.999999999999998 8.9999999999999982 8.9999999999999982 8.9999999999999982
leaf_count=13 8 27 9 8 15 12 9 9 9
internal_value=-0.927646 -2.05362 0.271283 0.506427 0.0834439 -2.47688 -1.22817 0.74253 -0.16465
internal_weight=119 61 58 25 33 39 22 17 18
internal_count=119 61 58 25 33 39 22 17 18
is_linear=0
shrinkage=0.03


Tree=24
num_leaves=9
num_cat=0
split_feature=2 16 27 13 39 13 10 5
split_gain=179907 16609 4719.66 2610.31 2285.6 1923.77 1188 770.722
threshold=1.3808300000000002 0.098534750000000018 8.1153550622690585 0.0045450000000000013 2.1803351701916882 0.0066250000000000007 0.013490000000000002 0.027220000000000005
decision_type=2 2 2 2 2 2 2 2
left_child=1 -1 -2 -3 -4 6 -6 -7
right_child=2 3 4 -5 5 7 -8 -9
leaf_value=-2.5748410131281068 0.68849796194024382 -1.7665870194435116 -0.27359087514877317 -0.94414066523772011 0.21231712484359741 0.59736655983924836 -0.27534291172027586 0.18373818508386613
leaf_weight=32 14.999999999999998 11.000000000000002 10.999999999999998 11.999999999999998 7.9999999999999991 9.0000000000000018 7.9999999999999991 8.9999999999999982
leaf_count=32 15 11 11 12 8 9 8 9
internal_value=-0.891948 -2.1151 0.245544 -1.39477 0.0861027 0.207009 -0.0332784 0.411187
internal_weight=115 55 60 23 45 34 16 18
internal_count=115 55 60 23 45 34 16 18
is_linear=0
shrinkage=0.03


Tree=25
num_leaves=10
num_cat=0
split_feature=5 16 16 22 22 0 10 10 26
split_gain=2.32694e+06 146968 20931.2 4387.48 3760.41 2756.24 1649.9 942.336 774.038
threshold=0.016740000000000005 0.16001233333333334 0.098534750000000018 866.41822802030208 864.50444184759783 0.10731 0.023345000000000001 0.032400000000000005 43.664427938596511
decision_type=2 2 2 2 2 2 2 2 2
left_child=-1 2 -2 4 5 -3 -5 -4 -7
right_child=1 3 7 6 -6 8 -8 -9 -10
leaf_value=14.948976747234662 -2.4815965021306816 0.56390434566736192 -0.79769493970870931 0.098699487642808365 0.83322793135642992 -0.17751629829832483 -0.39768769117764063 -1.4065405533313751 0.17943602466583253
leaf_weight=7.9999999999999991 32 9.0000000000000018 9.0000000000000018 10.000000000000002 8.9999999999999982 13.000000000000002 12.999999999999998 14.999999999999998 7.9999999999999991
leaf_count=8 32 9 9 10 9 13 13 15 8
internal_value=0.242394 -0.871892 -1.97153 0.136835 0.327563 0.15383 -0.186685 -1.21932 -0.0394911
internal_weight=126 118 56 62 39 30 23 24 21
internal_count=126 118 56 62 39 30 23 24 21
is_linear=0
shrinkage=0.03


Tree=26
num_leaves=11
num_cat=0
split_feature=19 23 10 18 36 35 39 26 9 26
split_gain=2.32145e+06 150662 12723.1 5129.11 5604.74 3968.81 2479.66 1779.56 1204.05 87.4514
threshold=0.72595500000000013 468.91088550000006 0.031685000000000005 0.44463500000000006 18.537959098288585 -122.41664965017121 2.2261793006805171 46.386318508771929 0.15773000000000001 66.990998175444119
decision_type=2 2 2 2 2 2 2 2 2 2
left_child=1 3 5 -1 7 -3 -6 -5 -8 -7
right_child=-2 2 -4 4 6 9 8 -9 -10 -11
leaf_value=-0.3593003584295511 14.889635016759236 -1.5410398427789866 -1.1756812423706056 0.95179752967357589 -0.38851823816299419 -2.8158510683233073 -0.076095601360003123 0.29594515307744346 0.39941648925434459 -1.7957125574747723
leaf_weight=14.999999999999998 7.9999999999999991 9.9999999999999947 13.999999999999998 9.0000000000000018 9.0000000000000018 21.000000000000007 8.0000000000000018 7.9999999999999991 9.9999999999999982 7.9999999999999991
leaf_count=15 8 10 14 9 9 21 8 8 10 8
internal_value=0.22777 -0.941992 -2.08706 0.104245 0.266778 -2.37661 -0.00630219 0.676832 0.195117 -2.60372
internal_weight=120 112 53 59 44 39 27 17 18 29
internal_count=120 112 53 59 44 39 27 17 18 29
is_linear=0
shrinkage=0.03


Tree=27
num_leaves=10
num_cat=0
split_feature=15 19 10 9 35 26 11 13 14
split_gain=2.19776e+06 122375 12655.9 4350.23 4201.36 2274.48 2336.9 917.03 512.23
threshold=0.61740716666666684 0.16965000000000002 0.031685000000000005 0.069910000000000014 -122.41664965017121 38.61338662280702 0.00175 0.0063550000000000004 96.712000000000018
decision_type=2 2 2 2 2 2 2 2 2
left_child=1 2 4 -3 -1 6 -5 8 -7
right_child=-2 3 -4 5 -6 7 -8 -9 -10
leaf_value=-1.3068722381591797 14.516271552085875 -0.52364782247543329 -1.1149535690943402 0.23936216991597947 -2.4210049192428587 -0.0037024947166442845 -0.36685958552360531 0.49189949431419372 0.31580088162422182
leaf_weight=7.9999999999999991 7.9999999999999991 8.9999999999999982 17 10.000000000000002 29 9.0000000000000053 10.999999999999998 13.999999999999998 7.9999999999999991
leaf_count=8 8 9 17 10 29 9 11 14 8
internal_value=0.236763 -0.873158 -1.89935 0.0512317 -2.22088 0.158761 -0.080356 0.31824 0.15576
internal_weight=123 115 54 61 37 52 21 31 17
internal_count=123 115 54 61 37 52 21 31 17
is_linear=0
shrinkage=0.03


Tree=28
num_leaves=10
num_cat=0
split_feature=21 19 30 15 9 22 28 21 12
split_gain=2.17293e+06 136902 13694.1 5181.79 5181.66 4774.46 2152.64 3938.58 799.859
threshold=725.61214050000012 0.16965000000000002 16.621054027206707 0.61740716666666684 0.069910000000000014 874.43806699845356 21.741146440019218 720.25952600000016 0.0018400000000000003
decision_type=2 2 2 2 2 2 2 2 2
left_child=1 2 5 4 -3 -1 7 -6 -8
right_child=-2 3 -4 -5 6 -7 8 -9 -10
leaf_value=-1.3858611622810364 14.33940267864863 -0.50647637901306153 -0.80836480840047187 -0.60269768051667638 -0.076708239555358854 -2.4854433418909707 -0.19211823169390355 0.7385751827001571 0.17057397393669402
leaf_weight=8.9999999999999982 7.9999999999999991 8.9999999999999982 7.9999999999999991 9.9999999999999982 8.0000000000000018 35 8.0000000000000018 13.999999999999998 12.999999999999998
leaf_count=9 8 9 8 10 8 35 8 14 13
internal_value=0.144635 -0.967505 -2.08704 -0.010297 0.11282 -2.29636 0.251039 0.451598 0.0298851
internal_weight=122 114 52 62 52 44 43 22 21
internal_count=122 114 52 62 52 44 43 22 21
is_linear=0
shrinkage=0.03


Tree=29
num_leaves=9
num_cat=0
split_feature=35 23 10 19 9 3 12 35
split_gain=2.1117e+06 101511 9014.96 6132.22 8174.16 3264.27 2313.01 1889.82
threshold=-4.4513294524876441 468.91088550000006 0.031685000000000005 0.71140000000000014 0.069910000000000014 0.015185000000000002 0.0018400000000000003 -122.41664965017121
decision_type=2 2 2 2 2 2 2 2
left_child=1 3 7 4 -1 6 -6 -3
right_child=-2 2 -4 -5 5 -7 -8 -9
leaf_value=-0.64709011230468749 14.242580495516458 -1.4111536937713627 -1.0953703979492189 -0.5737461558818816 -0.2682473332643508 0.66296746244430538 0.31451464368402954 -2.3299998592800559
leaf_weight=8.9999999999999982 7.9999999999999991 8.9999999999999947 13.999999999999998 13.999999999999998 9.0000000000000018 13.999999999999998 14.999999999999998 26.000000000000004
leaf_count=9 8 9 14 14 9 14 15 26
internal_value=0.268423 -0.867022 -1.8691 -0.0448842 0.121289 0.315238 0.0939304 -2.13953
internal_weight=118 110 49 61 47 38 24 35
internal_count=118 110 49 61 47 38 24 35
is_linear=0
shrinkage=0.03


Tree=30
num_leaves=10
num_cat=0
split_feature=5 15 10 15 7 7 36 10 10
split_gain=2.0979e+06 103579 12517.8 4764.57 4697.38 3991.08 2968.9 1352.54 827.554
threshold=0.016740000000000005 0.28512433333333337 0.027125000000000003 0.19418566666666667 0.11500500000000001 0.098360000000000017 19.064029254381268 0.032400000000000005 0.018640000000000004
decision_type=2 2 2 2 2 2 2 2 2
left_child=-1 3 4 -2 5 8 -6 -4 -3
right_child=1 2 7 -5 6 -7 -8 -9 -10
leaf_value=14.238970652262369 -2.2546593427986932 0.29335068925221741 -0.39119495971997564 -1.3231577257428853 0.22616621657212566 0.77844296902876631 -0.48788048458099359 -0.98826022807034575 -0.096193185860460467
leaf_weight=7.9999999999999991 28 8.0000000000000053 8.0000000000000018 12.999999999999998 8.0000000000000018 11.999999999999998 11.999999999999998 9.9999999999999982 9.9999999999999982
leaf_count=8 28 8 8 13 8 12 12 10 10
internal_value=0.315594 -0.826446 -0.101403 -1.99788 0.144997 0.377477 -0.205021 -0.757532 0.0831859
internal_weight=117 109 68 41 50 30 20 18 18
internal_count=117 109 68 41 50 30 20 18 18
is_linear=0
shrinkage=0.03


Tree=31
num_leaves=11
num_cat=0
split_feature=19 23 2 11 15 25 7 0 21 13
split_gain=2.04097e+06 90289.1 12559.1 5924.76 8090.28 2321.22 2205.58 646.591 379.634 789.594
threshold=0.72595500000000013 468.91088550000006 0.82018000000000002 0.0016250000000000004 0.45544950000000006 852.05000000000007 0.098360000000000017 0.10731 719.9491680000001 0.0046500000000000005
decision_type=2 2 2 2 2 2 2 2 2 2
left_child=1 3 -3 4 -1 -5 7 -6 9 -4
right_child=-2 2 8 5 6 -7 -8 -9 -10 -11
leaf_value=-0.53977083549499505 14.042304801980654 -2.3217813949584962 -1.635283632606267 -0.132980556332148 0.36753657801945977 -0.78451682790120436 0.72606690302916932 -0.0026285877227783198 -0.83465024693806955 -0.9713153446587649
leaf_weight=8.9999999999999982 7.9999999999999991 21 11.000000000000005 12.000000000000002 8.0000000000000053 7.9999999999999991 12.999999999999998 7.9999999999999991 7.9999999999999991 9.9999999999999982
leaf_count=9 8 21 11 12 8 8 13 8 8 10
internal_value=0.313973 -0.822426 -1.7432 -0.0125339 0.206408 -0.418614 0.448304 0.193098 -1.26076 -1.3777
internal_weight=116 108 50 58 38 20 29 16 29 21
internal_count=116 108 50 58 38 20 29 16 29 21
is_linear=0
shrinkage=0.03


Tree=32
num_leaves=10
num_cat=0
split_feature=22 22 20 1 26 30 29 24 8
split_gain=2.06098e+06 69342.6 12828.2 5033.72 4878.99 4041.88 2309.69 1765.45 269.669
threshold=862.86483802030193 874.43806699845356 0.029950000000000001 0.54818 68.589623148148178 15.575005434838424 1582.9610437091937 1.0000000180025095e-35 0.11522
decision_type=2 2 2 2 2 2 2 2 2
left_child=-1 2 3 5 6 7 -3 -2 -4
right_child=1 4 8 -5 -6 -7 -8 -9 -10
leaf_value=13.9815604168574 0.48094817485809316 -1.4782166773478185 -1.1396012289864674 -0.61203614194904055 -1.3251368547167097 -0.3788878190792524 -2.5769216187421011 -0.017739310145378114 -0.67122055117289225
leaf_weight=7.9999999999999991 14.000000000000002 8.0000000000000018 13.000000000000002 12.999999999999998 12.999999999999998 11.999999999999998 15.999999999999998 10.999999999999998 7.9999999999999991
leaf_count=8 14 8 13 13 13 12 16 11 8
internal_value=0.18523 -0.955602 -0.395731 -0.127337 -1.99122 0.0545476 -2.28452 0.269225 -0.999859
internal_weight=116 108 71 50 37 37 24 25 21
internal_count=116 108 71 50 37 37 24 25 21
is_linear=0
shrinkage=0.03


Tree=33
num_leaves=10
num_cat=0
split_feature=17 19 30 19 3 20 35 0 7
split_gain=2.0685e+06 65089.9 9654.88 4861.8 5895.28 3101.07 2764.57 5547.2 1167.82
threshold=0.25041880400000005 0.16965000000000002 16.621054027206707 0.71926000000000012 0.015185000000000002 0.027110000000000002 -122.41664965017121 0.06063000000000001 0.12553000000000003
decision_type=2 2 2 2 2 2 2 2 2
left_child=1 2 6 4 5 8 -1 -8 -3
right_child=-2 3 -4 -5 -6 -7 7 -9 -10
leaf_value=-1.1026575857162475 14.017251253763833 0.088837852144241308 -0.64375276336669918 -0.79771421585083002 0.45446143770217889 -0.72144837913513182 -2.2251943219502768 -1.2290992310230549 -0.30969575065374377
leaf_weight=8.9999999999999982 7.9999999999999991 14.000000000000002 8.9999999999999982 8.9999999999999982 12.999999999999998 8.9999999999999982 26 11.999999999999998 10.999999999999998
leaf_count=9 8 14 9 9 13 9 26 12 11
internal_value=0.17696 -0.926917 -1.64083 -0.196718 -0.0673814 -0.274236 -1.81434 -1.95026 -0.0916262
internal_weight=120 112 56 56 47 34 47 38 25
internal_count=120 112 56 56 47 34 47 38 25
is_linear=0
shrinkage=0.03


Tree=34
num_leaves=10
num_cat=0
split_feature=28 16 38 20 39 22 35 35 0
split_gain=1.98749e+06 52957.5 8971.05 8124.17 5191.2 4294.69 3786.81 3702.41 1988.63
threshold=27.600368555591881 0.15100358333333333 19.111666955453789 0.025890000000000003 2.2745723471800128 874.43806699845356 -33.486248340889851 -122.41664965017121 0.10821000000000001
decision_type=2 2 2 2 2 2 2 2 2
left_child=1 5 3 6 -4 -1 8 -7 -3
right_child=-2 2 4 -5 -6 7 -8 -9 -10
leaf_value=-1.0717027881145476 13.705041371480871 0.25642901424566905 -1.2206076120229865 -0.71021123933792107 -0.33580642323834553 -1.130160072898865 0.65692735875736552 -2.0952224150763614 -0.37484735393524166
leaf_weight=12.999999999999998 7.9999999999999991 7.9999999999999991 12.000000000000002 10.999999999999998 12.999999999999998 8.9999999999999947 10.000000000000002 26.000000000000004 7.9999999999999991
leaf_count=13 8 8 12 11 13 9 10 26 8
internal_value=0.147312 -0.953277 -0.364013 -0.062121 -0.79118 -1.69142 0.228164 -1.88539 -0.0626038
internal_weight=118 110 62 37 25 48 26 35 16
internal_count=118 110 62 37 25 48 26 35 16
is_linear=0
shrinkage=0.03


Tree=35
num_leaves=11
num_cat=0
split_feature=28 22 16 10 7 5 26 36 0 29
split_gain=2.04093e+06 46746.4 7872.28 10601.6 7376.65 3656.43 3336.35 2103.69 2068.95 208.109
threshold=26.925040793747744 874.43806699845356 0.29371150000000007 0.027955000000000004 0.11500500000000001 0.023860000000000003 68.589623148148178 19.064029254381268 0.10507500000000002 2587.2706029186133
decision_type=2 2 2 2 2 2 2 2 2 2
left_child=1 2 3 4 5 -1 -3 -6 -7 -5
right_child=-2 6 -4 9 7 8 -8 -9 -10 -11
leaf_value=-0.22182603899637848 13.971567091782887 -2.0193854894638061 -1.2771210581461589 -0.64314145787556931 -0.13378194260597226 0.16056451145807901 -1.1936237775257654 -0.71274624648460971 0.84912482802073153 -1.107558575248718
leaf_weight=8.0000000000000018 7.9999999999999991 23 7.9999999999999991 8.0000000000000018 11.000000000000002 7.9999999999999991 12.999999999999998 11.999999999999998 7.9999999999999991 8.9999999999999982
leaf_count=8 8 23 8 8 11 8 13 12 8 9
internal_value=0.242913 -0.89286 -0.440312 -0.317649 -0.0787566 0.283631 -1.76155 -0.453024 0.53463 -0.936964
internal_weight=116 108 72 64 47 24 36 23 16 17
internal_count=116 108 72 64 47 24 36 23 16 17
is_linear=0
shrinkage=0.03


Tree=36
num_leaves=10
num_cat=0
split_feature=7 28 36 9 0 15 19 4 13
split_gain=1.92323e+06 38389 13914.7 8770.69 6215.41 5270.68 1373.7 377.002 141.386
threshold=0.15133000000000005 15.693754802321962 18.537959098288585 0.027800000000000005 0.12377000000000002 0.49384066666666676 0.45914000000000005 0.0046300000000000013 0.0036150000000000006
decision_type=2 2 2 2 2 2 2 2 2
left_child=1 3 5 8 6 -3 -4 -5 -1
right_child=-2 2 4 7 -6 -7 -8 -9 -10
leaf_value=-1.308507622718811 13.564411623318989 -0.25164485733849651 -0.1052815409660339 -0.52016245388984672 -1.2917235689163209 0.56017271473407748 -0.60176285384251516 -0.97575144195556629 -1.8969635335673456
leaf_weight=12.999999999999998 7.9999999999999991 13.000000000000002 9.0000000000000018 7.9999999999999991 10.999999999999998 13.999999999999998 11.999999999999998 7.9999999999999991 22
leaf_count=13 8 13 9 8 11 14 12 8 22
internal_value=0.228234 -0.85512 -0.324998 -1.45033 -0.73877 0.174217 -0.403511 -0.792043 -1.72085
internal_weight=118 110 59 51 32 27 21 16 35
internal_count=118 110 59 51 32 27 21 16 35
is_linear=0
shrinkage=0.03


Tree=37
num_leaves=12
num_cat=0
split_feature=8 22 10 11 21 26 22 22 29 7 30
split_gain=1.85897e+06 50394.9 14069.1 7286.04 4074.67 2976.16 3517.89 1454.21 1059.3 903.283 526.156
threshold=0.55734500000000009 873.00465009367861 0.023345000000000001 0.0016650000000000002 720.25952600000016 63.179459537037047 877.13462265371834 866.41822802030208 2587.2706029186133 0.098360000000000017 15.835406543870601
decision_type=2 2 2 2 2 2 2 2 2 2 2
left_child=1 2 3 4 -1 -3 -7 -4 -9 -6 -10
right_child=-2 5 7 -5 9 6 -8 8 10 -11 -12
leaf_value=-0.23418896655738344 13.24461787923177 -2.0931208408355713 -0.40071447396278376 -0.69502309331026946 0.22513883070498697 -0.72070893033345507 -1.6695727182115827 -0.63310979083606156 -1.3093669541098849 0.67889048573970789 -0.73404487673441565
leaf_weight=11.000000000000002 7.9999999999999991 19 7.9999999999999991 9.9999999999999982 9.0000000000000018 8.0000000000000018 12.999999999999998 13.000000000000002 10.000000000000002 8.9999999999999982 7.9999999999999991
leaf_count=11 8 19 8 10 9 8 13 13 10 9 8
internal_value=0.0990048 -0.896021 -0.441761 -0.0353432 0.207668 -1.74941 -1.35736 -0.837098 -0.933624 0.475884 -1.10584
internal_weight=126 118 78 39 29 40 21 39 31 18 18
internal_count=126 118 78 39 29 40 21 39 31 18 18
is_linear=0
shrinkage=0.03


Tree=38
num_leaves=12
num_cat=0
split_feature=5 9 9 20 26 26 34 21 20 25 27
split_gain=1.96594e+06 41422.7 9853.31 12733.9 4732.32 3932.89 2681.93 2230.99 693.937 662.218 79.2146
threshold=0.018605000000000003 0.027800000000000005 0.17741000000000004 0.032085000000000009 39.369458708577014 43.664427938596511 43.954856000000071 718.85788650000006 0.036715000000000005 825.25000000000011 9.0300134492440662
decision_type=2 2 2 2 2 2 2 2 2 2 2
left_child=-1 6 3 4 -3 -6 -2 -8 -5 -7 -4
right_child=1 2 10 8 5 9 7 -9 -10 -11 -12
leaf_value=13.694876480340955 -1.1259330035122959 -0.47537065613269802 -1.3200818068186442 -1.1989568812052409 0.71380695792138549 -0.18170272670550774 -1.2989637943267818 -2.2649382004737855 -0.6208296972910563 0.16546453261375427 -0.79190555556615183
leaf_weight=7.9999999999999991 9.9999999999999982 10.999999999999998 7.9999999999999991 7.9999999999999991 9.0000000000000018 10.000000000000002 9.0000000000000018 14.999999999999998 7.9999999999999991 7.9999999999999991 7.9999999999999991
leaf_count=8 10 11 8 8 9 10 9 15 8 8 8
internal_value=0.240421 -0.915093 -0.485442 -0.281009 0.0236557 0.236733 -1.76048 -1.96921 -0.963505 -0.0267394 -1.1182
internal_weight=112 104 70 54 38 27 34 24 16 18 16
internal_count=112 104 70 54 38 27 34 24 16 18 16
is_linear=0
shrinkage=0.03


Tree=39
num_leaves=12
num_cat=0
split_feature=23 22 20 19 7 26 21 28 9 34 36
split_gain=1.84766e+06 41370.3 7565.11 11709.8 6132.99 4501.75 2766.13 3080.52 2701.33 841.908 671.946
threshold=414.64873150000005 874.43806699845356 0.029950000000000001 0.71926000000000012 0.13542500000000005 63.179459537037047 720.25952600000016 22.16004788027988 0.012499999999999999 107.48545999999995 11.172766606720634
decision_type=2 2 2 2 2 2 2 2 2 2 2
left_child=-1 2 3 4 6 -3 9 -8 -7 -2 -4
right_child=1 5 10 -5 -6 8 7 -9 -10 -11 -12
leaf_value=13.241849124272663 -0.37297101084391276 -2.0309054550873604 -0.58001899681091285 -1.1772344336271285 -0.74860071881612134 -1.4914824089050289 0.63716530442696329 -0.057762883446433329 -0.66018333816528318 0.044878196954727168 -1.0676899709701537
leaf_weight=7.9999999999999991 7.9999999999999991 18 9.0000000000000018 8.9999999999999982 7.9999999999999991 14.000000000000002 12.000000000000002 9.9999999999999982 7.9999999999999991 7.9999999999999991 12.999999999999998
leaf_count=8 8 18 9 9 8 14 12 10 8 8 13
internal_value=0.140495 -0.859939 -0.443169 -0.24672 -0.0434571 -1.63181 0.120344 0.332446 -1.2311 -0.173608 -0.902146
internal_weight=125 117 77 55 46 40 38 22 22 16 22
internal_count=125 117 77 55 46 40 38 22 22 16 22
is_linear=0
shrinkage=0.03


Tree=40
num_leaves=11
num_cat=0
split_feature=21 22 0 20 26 21 39 27 22 0
split_gain=1.76674e+06 32737.1 10837.1 13489.9 4439.17 3266.83 2686.24 2110.99 1664.44 1653.44
threshold=725.61214050000012 874.43806699845356 0.12484500000000001 0.024875000000000005 68.589623148148178 720.25952600000016 2.2261793006805171 4.9223557054747511 864.83466172400711 0.066525000000000015
decision_type=2 2 2 2 2 2 2 2 2 2
left_child=1 2 3 5 7 -1 9 -3 -7 -5
right_child=-2 4 -4 6 -6 8 -8 -9 -10 -11
leaf_value=-0.28875121045112612 12.972430207570392 -1.1550924371083573 -1.3497114315683192 -0.57981307196617082 -0.97000352536714984 0.58918321433934273 -0.27643927059173584 -2.0907949762344362 0.060888256013393399 -1.2014508037567138
leaf_weight=10.999999999999998 7.9999999999999991 8.0000000000000018 9.9999999999999982 11.000000000000005 11.999999999999998 10.000000000000002 8.9999999999999982 15.999999999999998 10.999999999999998 10.999999999999998
leaf_count=11 8 8 10 11 12 10 9 16 11 11
internal_value=0.194523 -0.852697 -0.476253 -0.318662 -1.5825 0.113535 -0.754455 -1.83763 0.327872 -0.92942
internal_weight=117 109 73 63 36 32 31 24 21 22
internal_count=117 109 73 63 36 32 31 24 21 22
is_linear=0
shrinkage=0.03


Tree=41
num_leaves=11
num_cat=0
split_feature=22 0 8 10 11 26 2 34 39 5
split_gain=1.89534e+06 22301.3 16701.5 11867.2 7512.72 3493.14 3451.11 2493.89 4343.17 1134.27
threshold=862.1645597157484 0.059740000000000008 0.5537200000000001 0.023345000000000001 0.0016650000000000002 57.695343640350885 0.82018000000000002 118.70807500000008 2.2261793006805171 0.026830000000000003
decision_type=2 2 2 2 2 2 2 2 2 2
left_child=-1 5 3 4 9 -2 -7 8 -5 -3
right_child=1 2 -4 7 -6 6 -8 -9 -10 -11
leaf_value=13.388865544637044 -1.9761371274335044 0.57773487631479847 -1.6454479174613954 -0.84357389502525326 -0.67244533560276032 -1.46389897352457 -0.58210933748881011 -1.2538676276206968 -0.014474251111348471 0.13244645061492921
leaf_weight=7.9999999999999991 12.999999999999998 8.0000000000000053 10.999999999999998 19.000000000000004 8.9999999999999982 15.000000000000002 7.9999999999999991 7.9999999999999991 7.9999999999999991 13.999999999999998
leaf_count=8 13 8 11 19 9 15 8 8 8 14
internal_value=0.136012 -0.911446 -0.609911 -0.415316 0.014433 -1.52244 -1.19429 -0.785821 -0.607259 0.312514
internal_weight=121 113 77 66 31 36 23 35 27 22
internal_count=121 113 77 66 31 36 23 35 27 22
is_linear=0
shrinkage=0.03


Tree=42
num_leaves=10
num_cat=0
split_feature=19 15 38 21 16 10 13 35 35
split_gain=1.74688e+06 29699 10346.1 8671.39 5912.94 2984.36 1548.84 813.071 1665.29
threshold=0.72595500000000013 0.28512433333333337 19.111666955453789 721.49692950000019 0.28018683333333338 0.032400000000000005 0.0061600000000000014 -84.684139733390836 -117.02636871681999
decision_type=2 2 2 2 2 2 2 2 2
left_child=1 7 3 5 -4 6 -3 8 -1
right_child=-2 2 4 -5 -6 -7 -8 -9 -10
leaf_value=-1.0912889000285755 12.918409142111738 0.14484181487560266 -0.39199132653645097 0.52770794737339022 -1.2970219573974611 -0.74982214900425492 -0.36463938515526906 -1.0000612741470336 -1.8557438928704511
leaf_weight=9.9999999999999982 7.9999999999999991 8.0000000000000018 13.000000000000002 10.999999999999998 14.999999999999998 12.999999999999998 12.999999999999998 8.9999999999999982 18.000000000000004
leaf_count=10 8 8 13 11 15 13 13 9 18
internal_value=0.208299 -0.824113 -0.462272 -0.17315 -0.904887 -0.40854 -0.172722 -1.50702 -1.62982
internal_weight=118 110 73 45 28 34 21 37 28
internal_count=118 110 73 45 28 34 21 37 28
is_linear=0
shrinkage=0.03


Tree=43
num_leaves=11
num_cat=0
split_feature=38 22 8 10 7 27 7 11 27 13
split_gain=1.79138e+06 22804.8 24547 9042.1 9756.41 2789.24 1904.69 1423.05 354.304 1818.22
threshold=5.0484608390443482 874.43806699845356 0.5537200000000001 0.023345000000000001 0.11500500000000001 5.2520630805623041 0.10329500000000001 0.00058000000000000011 9.2256942884373156 0.0049000000000000007
decision_type=2 2 2 2 2 2 2 2 2 2
left_child=-1 2 3 4 6 -3 -2 -5 9 -9
right_child=1 5 -4 7 -6 -7 -8 8 -10 -11
leaf_value=13.074682190259296 0.12014444915950295 -0.9294808266957596 -1.848838613510132 -0.3505681722164154 -0.66035533243417743 -1.8326911874695828 0.68283159796396886 -0.50393646297454786 -0.5259650064468383 -1.1829356398148969
leaf_weight=7.9999999999999991 15.000000000000002 8.0000000000000018 10.999999999999998 10.999999999999998 12.999999999999998 18 7.9999999999999991 9.0000000000000053 8.9999999999999982 9.9999999999999982
leaf_count=8 15 8 11 11 13 18 8 9 9 10
internal_value=0.195003 -0.832525 -0.584895 -0.377609 -0.0317346 -1.59955 0.336221 -0.688066 -0.803942 -0.902658
internal_weight=120 112 86 75 36 26 23 39 28 19
internal_count=120 112 86 75 36 26 23 39 28 19
is_linear=0
shrinkage=0.03


Tree=44
num_leaves=10
num_cat=0
split_feature=35 22 8 3 12 36 26 39 26
split_gain=1.84037e+06 23455.1 13226.9 5595.83 3523.07 2162.78 2047.66 1944.52 763.704
threshold=-7.8351993530885684 874.43806699845356 0.54572500000000013 0.015185000000000002 0.0025850000000000001 19.163008058092711 57.695343640350885 2.2261793006805171 49.443937711640231
decision_type=2 2 2 2 2 2 2 2 2
left_child=1 2 3 4 5 7 -3 8 -1
right_child=-2 6 -4 -5 -6 -7 -8 -9 -10
leaf_value=-0.40221287698095465 13.303314765930175 -1.8819192921306402 -1.5474063097000124 0.15946056880950926 -0.078062338726861136 -1.0595206695556638 -1.1702516009180171 -0.085167419751485188 -0.85890467319488517
leaf_weight=10.000000000000005 7.9999999999999991 13.000000000000002 8.9999999999999982 13.999999999999998 12.999999999999998 8.9999999999999982 18 7.9999999999999991 8.9999999999999982
leaf_count=10 8 13 9 14 13 9 18 8 9
internal_value=0.29096 -0.837892 -0.528166 -0.360634 -0.509479 -0.658908 -1.51822 -0.492246 -0.650744
internal_weight=111 103 72 63 49 36 31 27 19
internal_count=111 103 72 63 49 36 31 27 19
is_linear=0
shrinkage=0.03


Tree=45
num_leaves=9
num_cat=0
split_feature=14 2 8 3 5 38 35 14
split_gain=1.76653e+06 20103.2 23495.7 10163.6 3382.31 5522.22 3982.27 3452.85
threshold=72.296000000000006 0.84946500000000014 0.5537200000000001 0.015185000000000002 0.037385000000000009 19.111666955453789 -36.997926001235548 113.57900000000002
decision_type=2 2 2 2 2 2 2 2
left_child=-1 -2 3 4 5 6 -3 -6
right_child=1 2 -4 -5 7 -7 -8 -9
leaf_value=12.932000361919401 -1.4503559366464613 -0.39143708052635195 -1.8834114001880993 0.35438608380726405 -1.1429813385690959 -0.84756251819317152 0.36062795071981141 -0.3800994138717651
leaf_weight=7.9999999999999991 35 13.999999999999995 9.9999999999999982 12.999999999999998 13.000000000000002 11.999999999999998 10.000000000000005 10.999999999999998
leaf_count=8 35 14 10 13 13 12 10 11
internal_value=0.117537 -0.852599 -0.58625 -0.385486 -0.548998 -0.349269 -0.0761259 -0.822577
internal_weight=126 118 83 73 60 36 24 24
internal_count=126 118 83 73 60 36 24 24
is_linear=0
shrinkage=0.03


Tree=46
num_leaves=11
num_cat=0
split_feature=5 22 1 4 30 30 10 16 12 20
split_gain=1.71884e+06 18081.5 16020.9 8158.44 3881.06 3928.35 2763.21 3576.67 1365.07 211.408
threshold=0.016740000000000005 874.43806699845356 0.50075000000000014 0.0037050000000000004 12.672537297011129 14.484766770419087 0.030510000000000002 0.24082916666666668 0.0022400000000000002 0.034485000000000009
decision_type=2 2 2 2 2 2 2 2 2 2
left_child=-1 2 3 -2 -4 -6 7 -5 -3 -8
right_child=1 8 4 6 5 -7 9 -9 -10 -11
leaf_value=12.621605272928873 0.30827127981185914 -0.94495551172892245 -0.63947003269195524 0.075583472988822203 -1.9688207015991206 -0.88214279874165846 -1.0620817604064936 -0.64991343250274658 -1.6583102833747865 -0.62131686887741089
leaf_weight=7.9999999999999991 10.999999999999998 7.9999999999999991 8.0000000000000018 10.000000000000002 10.000000000000002 7.9999999999999991 8.0000000000000018 13.999999999999998 29 8.9999999999999982
leaf_count=8 11 8 8 10 10 8 8 14 29 9
internal_value=-0.00812045 -0.987956 -0.71324 -0.396036 -1.30943 -1.55778 -0.587874 -0.356631 -1.53304 -0.8763
internal_weight=123 115 78 52 26 18 41 24 37 17
internal_count=123 115 78 52 26 18 41 24 37 17
is_linear=0
shrinkage=0.03


Tree=47
num_leaves=11
num_cat=0
split_feature=2 36 27 0 27 2 7 20 11 12
split_gain=14901.2 13840 9666.6 8059.95 4909.92 5162.98 2706.99 2363.59 1489.49 997.456
threshold=0.84946500000000014 19.163008058092711 6.1413517707346612 0.12377000000000002 8.1153550622690585 1.7673700000000003 0.11500500000000001 0.019035000000000003 0.00058000000000000011 0.0029850000000000002
decision_type=2 2 2 2 2 2 2 2 2 2
left_child=9 2 -2 6 5 8 -3 -6 -4 -1
right_child=1 3 4 -5 7 -7 -8 -9 -10 -11
leaf_value=-1.1751486910749227 -1.1515902881622313 -0.33918249789151256 0.1074564002354939 -1.7763530339461109 -0.11408431911468501 0.66812181297938023 -1.0893455291748046 -0.78623414743863618 -0.41001781034469598 -1.757371139232929
leaf_weight=23 10.999999999999998 10.000000000000005 8.0000000000000053 11.999999999999998 8.0000000000000018 7.9999999999999991 8.9999999999999982 11.999999999999998 10.999999999999998 11.999999999999998
leaf_count=23 11 10 8 12 8 8 9 12 11 12
internal_value=-0.894259 -0.674777 -0.389973 -1.17875 -0.191413 0.0735711 -0.731298 -0.535681 -0.19758 -1.41808
internal_weight=124 89 58 31 47 27 19 20 19 35
internal_count=124 89 58 31 47 27 19 20 19 35
is_linear=0
shrinkage=0.03


Tree=48
num_leaves=12
num_cat=0
split_feature=7 15 8 20 28 21 39 7 12 7 12
split_gain=1.67392e+06 16956.8 16703 7129.71 6416.85 6602.83 5163.76 6869.91 1699.32 1590.21 1376.16
threshold=0.15133000000000005 0.19418566666666667 0.5537200000000001 0.027110000000000002 23.250490722050412 720.25952600000016 2.2261793006805171 0.090035000000000018 0.0027350000000000005 0.098360000000000017 0.0020950000000000001
decision_type=2 2 2 2 2 2 2 2 2 2 2
left_child=1 8 3 4 5 10 7 -5 -1 -7 -3
right_child=-2 2 -4 6 -6 9 -8 -9 -10 -11 -12
leaf_value=-1.0637054547309874 12.573865366617838 -0.61367261669784756 -1.7282999798167835 -0.59611303961276996 -0.82917965936660765 0.073111127114295932 -0.20491427018425681 -1.7161895980834962 -1.7461303535699844 0.63225996479988089 -0.092005534807840988
leaf_weight=14.000000000000002 7.9999999999999991 11.000000000000002 9.9999999999999982 15.000000000000002 10.999999999999998 9.0000000000000018 9.9999999999999982 7.9999999999999991 14.999999999999998 8.9999999999999982 7.9999999999999991
leaf_count=14 8 11 10 15 11 9 10 8 15 9 8
internal_value=0.0924278 -0.836695 -0.623298 -0.467447 -0.226297 -0.0299187 -0.801193 -1.04104 -1.46317 0.371327 -0.409681
internal_weight=128 120 91 81 48 37 33 23 29 18 19
internal_count=128 120 91 81 48 37 33 23 29 18 19
is_linear=0
shrinkage=0.03


Tree=49
num_leaves=12
num_cat=0
split_feature=38 2 8 36 18 2 39 39 3 36 12
split_gain=1.6715e+06 16219.4 13334 7581.98 6858.81 2881.37 2737.49 2471.43 2053.16 202.127 200.053
threshold=5.0484608390443482 0.83471000000000017 0.5537200000000001 19.163008058092711 0.44463500000000006 1.8194450000000002 2.2745723471800128 2.2745723471800128 0.012145000000000001 12.144110856186721 0.0027350000000000005
decision_type=2 2 2 2 2 2 2 2 2 2 2
left_child=-1 10 3 4 7 -5 -6 8 -3 -10 -2
right_child=1 2 -4 5 6 -7 -8 -9 9 -11 -12
leaf_value=12.650637757619222 -1.149848739317485 -0.25706561169257519 -1.6261200519561769 -0.46444204814617435 0.53720796203613252 -1.1546257919311524 -0.17522756401697795 -0.00015215301513671873 -0.53220065816243467 -0.92824977623332627 -1.7578466221202504
leaf_weight=7.9999999999999991 13.000000000000002 12.000000000000002 8.9999999999999982 12.000000000000002 10.000000000000002 13.999999999999998 7.9999999999999991 7.9999999999999991 8.0000000000000018 9.9999999999999982 9.9999999999999982
leaf_count=8 13 12 9 12 10 14 8 8 8 10 10
internal_value=0.201449 -0.774574 -0.583031 -0.450315 -0.245895 -0.865135 0.227934 -0.470469 -0.591787 -0.789582 -1.47649
internal_weight=122 114 91 82 56 26 18 38 30 18 23
internal_count=122 114 91 82 56 26 18 38 30 18 23
is_linear=0
shrinkage=0.03


Tree=50
num_leaves=11
num_cat=0
split_feature=22 2 8 7 27 20 36 2 12 24
split_gain=1.75423e+06 16741.7 19485.8 9729.43 8737.04 4274.75 5391.32 4486.05 1215.29 1167.94
threshold=862.1645597157484 0.84946500000000014 0.5537200000000001 0.14410500000000001 6.1413517707346612 0.033270000000000008 18.537959098288585 1.8029500000000003 0.0031750000000000003 1.0000000180025095e-35
decision_type=2 2 2 2 2 2 2 2 2 2
left_child=-1 8 3 4 -3 6 9 -8 -2 -6
right_child=1 2 -4 -5 5 -7 7 -9 -10 -11
leaf_value=12.905358044942218 -1.1985014181966365 -1.032563023437153 -1.7978975595994429 -1.2107484488487243 0.59407394874095898 -0.5220275730133056 0.176529935836792 -0.78188090705871571 -1.8679189430236818 0.12424504265785218
leaf_weight=7.9999999999999991 22.000000000000004 9.9999999999999982 9.9999999999999982 10.999999999999998 11.000000000000002 13.999999999999998 7.9999999999999991 7.9999999999999991 8.9999999999999982 8.9999999999999982
leaf_count=8 22 10 10 11 11 14 8 8 9 9
internal_value=0.159721 -0.856819 -0.616741 -0.4277 -0.266622 -0.0961615 0.0790454 -0.320392 -1.44519 0.398707
internal_weight=120 112 81 71 60 50 36 16 31 20
internal_count=120 112 81 71 60 50 36 16 31 20
is_linear=0
shrinkage=0.03


Tree=51
num_leaves=11
num_cat=0
split_feature=15 0 8 34 4 5 12 39 34 5
split_gain=1.68746e+06 16099.9 17412.7 7782.09 6797.02 5453.43 4604.97 2805.38 2051.1 2207.48
threshold=0.61941583333333339 0.059740000000000008 0.5537200000000001 130.50684850000007 0.004915000000000001 0.037385000000000009 0.0031750000000000003 1.2849669847867318 109.19301650000001 0.029125000000000002
decision_type=2 2 2 2 2 2 2 2 2 2
left_child=1 6 3 4 5 8 7 -1 9 -3
right_child=-2 2 -4 -5 -6 -7 -8 -9 -10 -11
leaf_value=-0.53452783807118709 12.647731487592061 -0.40366341535250316 -1.837515714009603 -1.1903035217285154 -0.84642701564516332 -0.54849824496507649 -2.0083241249084471 -1.3075160167694093 0.41817493062359939 0.26164221032460533
leaf_weight=8.0000000000000018 7.9999999999999991 8.0000000000000053 7.9999999999999991 8.9999999999999982 12.999999999999998 13.999999999999998 8.9999999999999982 19 12.999999999999998 7.9999999999999991
leaf_count=8 8 8 8 9 13 14 9 19 13 8
internal_value=0.159614 -0.863579 -0.59385 -0.415238 -0.271951 -0.0829481 -1.37966 -1.10581 0.152542 -0.0750995
internal_weight=117 109 73 65 56 43 36 27 29 16
internal_count=117 109 73 65 56 43 36 27 29 16
is_linear=0
shrinkage=0.03


Tree=52
num_leaves=10
num_cat=0
split_feature=27 8 22 7 20 36 27 13 27
split_gain=1.66242e+06 9776.79 15435.7 10286 4781.76 4378.34 2110.44 1921.98 735.221
threshold=11.294627476325891 0.5537200000000001 872.28237746742514 0.11500500000000001 0.032085000000000009 19.163008058092711 6.6878946210120569 0.0063550000000000004 5.5998442381779503
decision_type=2 2 2 2 2 2 2 2 2
left_child=1 2 3 4 7 -5 8 -1 -4
right_child=-2 -3 6 5 -6 -7 -8 -9 -10
leaf_value=-0.11470283886194227 12.574505205790201 -1.7149673683860087 -1.103215060284263 -0.40543758938312513 -0.54376220440864553 -1.3461898260116578 -0.73318372178077684 0.39655779349803916 -1.7153299346923829
leaf_weight=14.000000000000002 7.9999999999999991 9.9999999999999982 18.000000000000004 9.0000000000000018 14.999999999999998 10.999999999999998 10.999999999999998 10.999999999999998 8.9999999999999982
leaf_count=14 8 10 18 9 15 11 11 11 9
internal_value=0.183864 -0.840889 -0.73526 -0.424159 -0.138099 -0.962388 -1.20296 0.116794 -1.36128
internal_weight=116 108 98 60 40 20 38 25 27
internal_count=116 108 98 60 40 20 38 25 27
is_linear=0
shrinkage=0.03


Tree=53
num_leaves=11
num_cat=0
split_feature=22 22 24 0 27 8 21 18 9 12
split_gain=1.63859e+06 13593.1 9854.17 7908.5 4122.17 2139.98 2039.88 1386.31 5308.81 148.128
threshold=862.1645597157484 864.83466172400711 0.0064497999999999995 0.12306000000000002 6.1413517707346612 0.36488500000000007 718.71630100000016 0.57414500000000002 0.027800000000000005 0.0032100000000000006
decision_type=2 2 2 2 2 2 2 2 2 2
left_child=-1 3 7 5 -4 -2 -6 8 9 -3
right_child=1 2 4 -5 6 -7 -8 -9 -10 -11
leaf_value=12.464868097941078 -0.18505167732238756 -1.1221165205383301 -1.0256538797833699 -0.88173384306647551 -0.5905498229026791 0.4382388856172561 0.0012245373725891114 -1.6250844775608606 -0.44554067392782726 -1.6393466033935546
leaf_weight=7.9999999999999991 9.0000000000000053 24 10.000000000000002 9.9999999999999982 9.0000000000000018 8.9999999999999982 10.999999999999998 12.999999999999998 9.9999999999999982 7.9999999999999991
leaf_count=8 9 24 10 10 9 9 11 13 10 8
internal_value=0.142422 -0.831639 -1.01905 -0.247145 -0.553968 0.133177 -0.280443 -1.25828 -1.10956 -1.29723
internal_weight=121 113 85 28 30 18 20 55 42 32
internal_count=121 113 85 28 30 18 20 55 42 32
is_linear=0
shrinkage=0.03


end of trees

feature_importances:
Column_22=36
Column_0=26
Column_8=23
Column_7=22
Column_10=21
Column_16=21
Column_2=20
Column_9=18
Column_21=18
Column_15=17
Column_26=16
Column_27=16
Column_5=14
Column_19=14
Column_20=14
Column_36=14
Column_39=14
Column_13=13
Column_30=13
Column_35=13
Column_12=12
Column_3=11
Column_28=10
Column_11=9
Column_23=9
Column_1=7
Column_14=7
Column_17=7
Column_34=7
Column_4=6
Column_38=6
Column_18=5
Column_29=5
Column_24=3
Column_25=3

parameters:
[boosting: gbdt]
[objective: regression]
[metric: l2]
[tree_learner: serial]
[device_type: cpu]
[data_sample_strategy: bagging]
[data: ]
[valid: ]
[num_iterations: 54]
[learning_rate: 0.03]
[num_leaves: 15]
[num_threads: 1]
[seed: 20260723]
[deterministic: 1]
[force_col_wise: 1]
[force_row_wise: 0]
[histogram_pool_size: -1]
[max_depth: -1]
[min_data_in_leaf: 8]
[min_sum_hessian_in_leaf: 0.001]
[bagging_fraction: 0.85]
[pos_bagging_fraction: 1]
[neg_bagging_fraction: 1]
[bagging_freq: 1]
[bagging_seed: 20260723]
[bagging_by_query: 0]
[feature_fraction: 0.85]
[feature_fraction_bynode: 1]
[feature_fraction_seed: 20260723]
[extra_trees: 0]
[extra_seed: 20591]
[early_stopping_round: 0]
[early_stopping_min_delta: 0]
[first_metric_only: 0]
[max_delta_step: 0]
[lambda_l1: 0.05]
[lambda_l2: 1]
[linear_lambda: 0]
[min_gain_to_split: 0.0001]
[drop_rate: 0.1]
[max_drop: 50]
[skip_drop: 0.5]
[xgboost_dart_mode: 0]
[uniform_drop: 0]
[drop_seed: 9722]
[top_rate: 0.2]
[other_rate: 0.1]
[min_data_per_group: 100]
[max_cat_threshold: 32]
[cat_l2: 10]
[cat_smooth: 10]
[max_cat_to_onehot: 4]
[top_k: 20]
[monotone_constraints: ]
[monotone_constraints_method: basic]
[monotone_penalty: 0]
[feature_contri: ]
[forcedsplits_filename: ]
[refit_decay_rate: 0.9]
[cegb_tradeoff: 1]
[cegb_penalty_split: 0]
[cegb_penalty_feature_lazy: ]
[cegb_penalty_feature_coupled: ]
[path_smooth: 0]
[interaction_constraints: ]
[verbosity: -1]
[saved_feature_importance_type: 0]
[use_quantized_grad: 0]
[num_grad_quant_bins: 4]
[quant_train_renew_leaf: 0]
[stochastic_rounding: 1]
[linear_tree: 0]
[max_bin: 127]
[max_bin_by_feature: ]
[min_data_in_bin: 3]
[bin_construct_sample_cnt: 200000]
[data_random_seed: 20260723]
[is_enable_sparse: 1]
[enable_bundle: 1]
[use_missing: 1]
[zero_as_missing: 0]
[feature_pre_filter: 1]
[pre_partition: 0]
[two_round: 0]
[header: 0]
[label_column: ]
[weight_column: ]
[group_column: ]
[ignore_column: ]
[categorical_feature: ]
[forcedbins_filename: ]
[precise_float_parser: 0]
[parser_config_file: ]
[objective_seed: 5935]
[num_class: 1]
[is_unbalance: 0]
[scale_pos_weight: 1]
[sigmoid: 1]
[boost_from_average: 1]
[reg_sqrt: 0]
[alpha: 0.9]
[fair_c: 1]
[poisson_max_delta_step: 0.7]
[tweedie_variance_power: 1.5]
[lambdarank_truncation_level: 30]
[lambdarank_norm: 1]
[label_gain: ]
[lambdarank_position_bias_regularization: 0]
[eval_at: ]
[multi_error_top_k: 1]
[auc_mu_weights: ]
[num_machines: 1]
[local_listen_port: 12400]
[time_out: 120]
[machine_list_filename: ]
[machines: ]
[gpu_platform_id: -1]
[gpu_device_id: -1]
[gpu_device_id_list: ]
[gpu_use_dp: 0]
[num_gpu: 1]

end of parameters

pandas_categorical:null
